0.2159
0.4367
0.5117
0.5166
0.6151
0.5847
0.6927
0.6576
0.7690
0.7324
0.8418
0.7898
0.9135
0.8553
0.9901
0.9227
1.1081
0.9855
1.1382
1.0309
1.2399
1.1104
1.3337
1.1472
1.3959
1.2119
1.4772
1.2703
1.5499
1.3269
1.6759
1.3819
1.7456
1.4395
1.8266
1.5064
1.8652
1.5575
1.9813
1.6082
2.0415
1.6871
2.1311
1.7392
2.1940
1.7889
2.2796
1.8503
2.3424
1.9119
2.4433
1.9642
2.5271
2.0367
2.5768
2.0920
2.6983
2.2465
2.8786
2.2979
2.9492
2.3472
3.0278
2.4155
3.1016
2.4775
3.1930
2.5486
3.2811
2.5901
3.3281
2.6507
3.3797
2.7122
3.4685
2.7611
3.5376
2.8395
3.6165
2.8940
3.6457
2.9772
3.7001
3.0098
3.7766
3.0420
3.8577
3.1327
3.9258
3.1709
3.9939
3.5081
4.0289
3.7386
4.1777
5.6384
4.2573
3.6239
4.8317
5.0611
4.8171
5.3730
5.0484
5.3801
5.0303
5.4385
5.4814
5.6653
5.4608
5.4978
5.3133
5.6115
5.3027
5.7354
5.9663
5.7835
5.8854
5.9307
5.8168
6.0767
6.0406
6.0267
6.2262
6.0840
6.1367
6.3276
6.3446
6.4062
6.4647
6.4856
6.3508
6.5501
6.4274
6.4153
6.6881
6.5484
6.3364
6.3484
6.5203
6.5464
6.6924
6.6499
6.6574
6.5131
6.7029
6.5383
7.0075
7.0295
7.7350
6.4765
6.4828
6.3542
6.2258
6.3864
6.5107
6.4632
6.6592
6.1924
6.3079
6.1430
6.1607
6.1863
6.2151
6.5655
6.8790
7.1370
6.6169
6.7484
6.3801
6.9046
6.4699
7.0954
7.3261
6.8107
6.9864
7.2354
6.9554
7.0430
6.9785
7.3328
7.0609
7.0403
7.1892
7.4792
7.1319
7.1412
7.1538
4.9737
4.8817
5.0195
5.0822
4.5653
5.1501
5.1089
5.1376
5.1591
5.1864
5.2752
5.1213
5.3560
5.2117
5.1798
5.2679
5.1601
5.2926
5.3142
5.3105
5.3665
5.3473
5.2796
5.3045
5.3595
5.3344
5.4075
5.3905
5.0666
5.5244
5.4162
5.4657
5.4255
5.5412
5.5249
5.5623
5.4811
5.5060
5.5374
5.5786
5.3371
5.5951
5.6399
5.6942
5.6170
5.4992
5.4906
5.5228
7.6278
7.9938
5.5363
5.5358
5.1565
5.6280
5.6353
5.6580
5.6631
5.7299
5.6287
5.7363
5.7056
5.7322
5.8697
5.9392
5.9417
5.9341
5.9860
6.0457
6.0611
5.9959
6.0107
6.0937
6.0705
6.0815
6.1074
6.1198
5.8080
6.1633
6.1753
6.0870
6.2034
6.1641
6.2183
6.2254
6.1383
6.1636
6.2700
6.2896
6.1092
6.3025
6.3315
6.3547
6.2788
6.2660
6.2067
6.2973
6.2988
6.2827
6.3085
6.3465
5.8382
6.3723
6.3762
6.4233
6.4285
6.4467
6.4456
6.4340
6.5139
6.5148
6.4643
6.5346
6.5081
6.5270
6.5916
6.6234
6.6140
6.6082
6.6577
6.6764
6.6535
6.6818
6.7010
6.6954
6.3848
6.8125
6.7589
6.6703
6.7625
6.7943
6.8149
6.8458
6.7408
6.7540
6.8436
6.8803
6.7323
6.9200
6.9096
6.9894
6.8678
6.9291
6.8309
6.9103
6.9455
6.9236
6.9590
7.0053
6.5152
7.0163
6.9974
7.0246
7.0602
7.0573
7.0469
7.1018
7.1310
7.1261
7.1119
7.1689
7.1542
7.1964
7.2345
7.2651
7.2726
7.2527
7.2544
7.3478
7.3019
7.3293
7.3338
7.3753
7.0417
7.4022
7.3852
7.3029
7.4010
7.4465
7.4504
7.4692
7.3294
7.4021
7.7790
9.0211
7.2948
7.5531
7.5521
7.5946
7.4791
7.5084
7.4683
7.5271
7.5318
7.5479
7.5784
7.6296
7.2979
7.6754
7.6470
7.6776
7.6723
7.7557
7.6976
7.7435
7.7749
7.8185
7.7283
7.7982
7.7790
7.8165
7.8803
7.9352
7.8928
7.9450
7.8849
7.9533
7.9277
7.9862
7.9717
7.9687
7.6904
8.0269
7.9743
7.9578
8.0257
7.9955
8.0982
8.0918
8.0496
8.0620
8.0851
8.1507
8.0557
8.2104
8.2082
8.1822
8.1592
8.1730
8.1226
8.1635
8.1896
8.1913
8.1858
8.2359
7.9784
8.2935
8.2543
8.2962
8.3130
8.3671
8.3057
8.3755
8.4006
8.4807
8.4183
8.4832
8.4718
8.4429
8.4594
8.5283
8.5344
8.5830
8.5715
8.6670
8.6373
10.2727
9.2532
8.6685
8.5502
8.6967
8.6934
8.6679
12.3257
8.7825
8.7479
8.7934
9.0330
8.8730
8.8377
8.8291
8.7093
8.8989
9.0275
8.9063
9.0060
8.9226
14.0615
13.3308
8.7986
8.8391
8.9908
8.9539
8.6566
8.9844
9.0222
9.0035
9.0514
9.0648
9.0596
9.0974
9.0871
9.0962
9.1227
9.0890
9.1637
9.2456
9.1821
9.2293
9.2093
9.3175
9.2569
9.3272
9.1293
9.0338
9.1909
9.2002
8.9108
9.1591
9.1867
10.1180
9.1949
9.2173
9.2229
10.5477
9.3143
10.2289
9.4146
9.3436
10.1784
9.2433
10.4858
9.3221
9.5093
10.9120
9.3876
11.1340
9.5702
10.9727
10.6648
9.5487
9.2683
9.3796
9.5196
9.4521
9.6116
9.4956
9.6075
9.4831
9.6906
9.9100
9.8551
9.7755
9.5722
9.7291
9.7927
9.6764
9.7592
9.8102
9.6394
9.8011
9.8187
9.7912
9.8907
9.8733
9.7010
9.8817
9.9250
9.8818
9.8374
15.9519
9.9128
9.9177
9.8583
9.8629
9.9839
9.9650
9.9661
9.9492
9.9268
9.9858
10.1345
10.0755
10.0211
10.1404
10.0820
10.0310
10.0700
10.1468
10.0725
10.2132
10.2568
10.1852
10.2631
10.1582
10.3035
10.2911
10.3731
10.2927
10.2605
10.3538
10.3740
10.3776
10.4163
10.3918
10.4159
10.5098
10.5017
10.4945
10.4707
10.4296
10.5465
10.5593
10.4741
10.4850
10.6306
10.5723
10.5345
10.6238
10.6514
10.7187
10.7664
10.7293
10.7360
10.7339
10.8056
10.7730
10.8434
10.8145
10.8924
10.7302
10.8693
10.9437
10.9353
10.8161
10.9177
10.9711
10.5926
10.9463
10.9398
11.0016
11.0626
11.0506
10.9910
11.0432
11.0621
11.0684
11.0961
11.1564
10.9703
11.1182
11.2436
11.1293
11.2503
11.1159
11.2112
11.1283
11.2506
11.1801
11.1907
11.2417
10.9203
11.2721
11.2963
11.2705
11.2934
11.3144
11.2562
11.3360
11.2966
11.2255
11.4234
11.3342
11.1593
11.2274
11.4259
11.2530
11.4139
11.2837
11.3231
11.3364
11.4490
11.3828
11.4536
11.4765
11.1752
11.4205
11.4613
11.3635
11.5476
11.4262
11.4566
11.4949
11.5202
11.5780
11.6027
11.6616
11.4805
11.5828
11.7017
11.5369
11.6635
11.6942
11.5573
11.6766
11.7213
11.6981
11.6709
11.8643
11.6347
11.7959
11.9359
11.8212
11.9041
11.9590
11.8823
11.9282
11.9075
11.9854
11.9759
11.9808
11.8333
11.8563
12.0563
12.0236
12.2433
12.1102
12.1212
12.0178
12.0834
12.0931
12.2421
12.1521
11.9374
12.0783
12.2855
12.0121
12.0720
12.1092
12.3883
12.3755
12.2737
12.3542
12.4555
12.3806
12.2061
12.2910
12.4331
12.4569
12.3885
12.4439
12.4991
12.5623
16.6854
12.5054
12.3649
12.4910
12.4297
12.6567
12.6442
12.4690
12.4485
12.7137
12.5871
12.6273
12.6816
12.7023
12.5948
12.7493
12.4958
12.6341
12.7093
12.7512
12.8314
12.6055
12.5997
12.7943
12.8393
12.7448
19.7888
12.9904
12.5782
12.9319
12.7309
12.8227
12.7717
13.1036
12.8458
13.0196
13.0213
13.0209
13.1125
13.0806
13.1100
13.2178
13.0309
13.0589
13.1938
13.8313
13.9404
13.5760
13.3135
13.3371
13.2627
13.1347
13.3121
13.4272
13.5428
13.4411
13.1709
13.3411
13.4210
13.2194
13.4544
13.3262
13.5739
13.5180
13.3933
13.4349
23.1575
23.4113
14.7895
13.4885
13.4694
13.3741
13.5516
13.6631
18.7671
13.6227
13.5034
13.4493
13.8142
13.6909
13.5032
13.7172
13.5685
13.8070
13.5293
13.7591
13.5377
13.8041
14.0722
13.7304
13.8981
13.7875
13.8481
13.8976
13.9891
13.7453
14.0337
13.9321
13.9137
13.8326
14.0413
13.9341
15.5509
14.8085
14.0270
13.9385
14.0040
14.5385
14.2646
14.0200
14.0965
14.1173
14.0871
13.9864
14.0763
14.0613
14.0900
14.2124
14.0953
14.1861
14.3044
14.2184
14.2363
14.2620
13.9715
14.3033
14.2015
14.3615
14.2840
14.2542
14.3130
14.2730
14.3964
14.3633
14.3834
14.3613
14.5305
14.5615
14.5749
14.4505
14.4506
14.4511
14.5751
14.7305
14.6535
14.6890
14.5260
14.6308
14.4387
14.5979
14.7679
14.9187
14.6364
14.8807
14.8114
14.7944
14.7821
14.8587
14.7973
14.8844
14.8329
14.9149
23.3114
14.7451
15.0378
15.0542
14.8680
14.8410
14.9790
14.8456
14.9182
14.9204
15.0306
15.0139
14.9755
15.1435
15.1025
15.1030
15.1348
15.0168
15.0644
15.2981
15.1370
15.1866
15.2682
15.1106
15.2528
15.3337
15.2216
15.2814
15.3130
15.2202
15.2587
15.3059
15.2872
15.3421
15.5760
15.4998
15.3650
15.5288
15.4833
15.5249
15.4602
15.4900
15.5166
15.6563
15.5108
15.6807
15.4988
15.6744
15.5604
15.6194
15.6012
15.7416
15.6549
15.6883
15.5822
15.6227
15.5120
15.7515
15.5611
15.8212
15.8090
15.7195
15.9035
15.8952
15.6033
15.7896
15.8810
15.9231
15.8724
15.8871
15.8982
15.9750
16.1024
16.0283
15.9161
15.9973
15.8523
16.0251
19.6428
23.0304
16.0002
16.0919
15.8172
16.1022
16.2325
16.1245
15.9210
16.1277
16.2541
16.2081
16.2076
16.2626
16.0520
16.1146
16.1865
16.1469
16.2256
16.1967
16.2065
16.1800
16.3025
16.2067
16.0748
16.2884
16.1755
16.2403
16.2101
16.4222
16.4276
16.5415
16.6374
16.3828
16.3638
16.4255
16.4617
16.6474
16.5044
16.5894
16.6168
16.6165
16.6699
16.7775
16.4893
16.7907
16.6596
16.7681
16.8942
16.9159
16.6841
16.8500
16.7096
16.8407
16.9105
17.1123
16.9146
17.0041
17.1183
16.9303
17.1939
17.2514
17.0691
17.3136
17.0426
17.1442
17.2880
17.1665
17.1423
17.1340
17.2976
17.3507
17.1267
17.2037
17.1750
17.1174
16.8490
17.4091
17.2651
17.3171
17.3364
17.3958
17.3629
17.3185
17.3591
17.2531
17.3360
17.3737
17.2385
17.2631
17.3366
17.4107
27.8040
17.3265
17.2946
17.3663
17.4521
17.5493
17.5178
17.3985
17.2725
17.5617
17.5546
17.3825
17.5295
17.6447
17.4337
17.5226
17.6870
17.5754
17.7392
17.5921
17.5643
17.5482
17.5908
17.5406
17.5149
17.5757
17.5366
17.6120
17.5485
17.6304
17.4597
17.5966
17.6807
17.5176
17.7266
17.5848
17.6791
17.6755
17.8199
17.7232
17.7896
17.8902
17.7937
17.8605
17.9155
17.8174
18.0140
17.8464
17.8665
18.0276
18.0557
18.1560
18.0514
18.0552
18.1178
18.1364
18.0742
18.1195
18.2548
18.1687
18.0696
18.4845
18.2258
18.2369
18.1731
18.3305
18.3792
18.5223
18.4004
18.4007
18.4699
18.4257
18.4976
18.5024
18.4246
18.5721
18.6193
18.6405
18.6144
18.6308
18.2857
18.5737
18.6544
18.7073
18.8932
23.5311
26.3438
18.6542
18.7162
18.7015
18.8134
18.6929
18.7410
18.6514
18.7961
18.7526
19.1717
18.8104
18.8175
19.7083
18.9250
20.5841
18.8655
20.7102
18.7392
18.8952
20.4421
18.9261
18.9111
19.8359
19.8536
18.9525
19.0051
18.7511
18.8315
18.9219
18.7895
19.0067
19.0944
18.9208
19.0539
19.0304
18.8630
19.0840
19.0999
19.0299
18.9600
19.0374
18.9221
19.0785
19.1302
19.2237
20.0527
19.8802
19.1931
19.2770
19.2425
19.2791
19.2591
19.2668
19.3034
19.2890
19.3542
19.4246
19.4160
19.5667
19.4825
19.5177
19.5520
19.3473
19.5654
19.6211
19.4454
19.6031
19.6661
19.5807
19.5665
19.7032
19.6038
19.6015
19.7380
19.6396
19.6966
19.5923
19.6007
19.6238
19.8673
19.8183
19.9082
26.2388
19.8328
19.8656
19.8963
19.9541
20.0041
19.7997
19.8407
20.0109
19.9879
19.9646
20.0128
19.9638
19.9209
20.0187
19.9577
19.9764
20.0476
19.9813
19.9608
19.9451
20.0297
20.0762
20.0964
19.9955
20.2122
20.2175
20.1047
20.1720
20.2613
20.2864
20.1931
20.2765
20.2724
20.3097
20.2314
20.4015
20.3144
20.3081
20.4742
20.3776
20.6105
20.4262
20.3365
20.4058
20.4498
20.5768
20.5924
20.4617
20.5515
20.6659
20.5905
20.6806
20.6370
20.6458
20.5704
20.5288
20.7633
20.5808
20.7495
20.7957
20.8093
20.7297
20.7953
20.8859
20.7751
20.8046
20.8105
20.8787
20.8976
20.8668
20.8682
20.8132
20.9083
20.9366
21.4495
20.9464
20.9618
21.1291
21.0090
21.1131
21.1528
21.0605
21.0131
21.1527
21.1203
21.1193
21.1589
21.2074
21.3877
21.3466
21.1652
21.2974
21.2628
21.3335
21.2695
21.4113
21.1696
21.4383
21.4734
21.3401
21.1885
21.3638
21.2394
21.4312
21.4371
21.4893
21.4029
21.4293
21.3628
21.4358
21.4444
21.6787
21.6158
21.4804
21.4615
21.6652
21.5770
21.6099
21.5732
21.6057
21.5995
21.6257
21.6317
21.7035
21.7167
21.7185
21.6445
21.7729
21.7928
21.6702
21.7859
21.8219
21.8192
21.8856
21.9012
21.9518
21.8452
22.0238
22.5641
21.9026
21.9549
21.9064
21.8892
21.9975
21.9426
22.0620
22.3030
21.9616
21.9945
21.9751
21.9465
21.9961
22.0161
21.9752
21.9582
22.0994
22.0690
22.0560
22.0992
30.9464
22.3466
22.2533
22.2965
22.4375
22.3904
22.3248
22.3611
22.4259
22.3350
22.2207
22.3668
22.4366
22.2800
22.5340
22.3176
22.4383
22.4991
22.5065
22.5177
22.6105
22.5585
22.3770
22.6332
22.5731
22.5942
22.6847
22.5270
22.5810
22.6596
22.4789
22.6983
22.5803
22.6639
22.7444
22.4856
22.6951
22.6403
22.7121
22.4909
22.6895
22.8459
22.7503
22.7603
22.7236
22.8996
22.8532
22.8716
22.9530
23.0375
22.9198
22.8602
22.8661
22.7622
22.8324
22.9875
22.8544
22.7705
22.9116
22.9026
22.9142
32.8084
22.9669
22.8854
23.0147
23.0736
23.0335
23.0436
23.0808
23.0883
23.0599
23.0162
23.0150
23.0542
23.1717
23.0972
23.1225
23.2459
23.0531
23.2233
23.2681
23.2869
23.1995
23.3069
23.1431
23.3009
23.3136
23.2316
23.3154
23.4135
23.3120
23.3034
23.3634
23.4697
23.4013
23.3854
23.3824
23.2769
23.5352
