0.1923
0.4177
0.5134
0.5038
0.6125
0.6410
0.7134
0.6684
0.7251
0.7586
0.8021
0.8287
0.8638
0.8959
0.9473
0.9097
1.0370
1.0343
1.1025
1.1646
1.1931
1.1842
1.2265
1.2099
1.2834
1.3433
1.4105
1.4317
1.5218
1.4876
1.5688
1.4284
1.6589
1.6389
1.6904
1.7716
1.7667
1.8266
1.7464
1.9031
1.8581
1.9961
2.0544
2.0338
2.0747
1.9910
2.1576
1.7820
2.2726
2.1420
2.3181
2.3154
2.3973
2.3663
2.2599
2.5385
2.4567
2.6737
2.6851
2.7816
2.7682
2.7634
2.8633
2.5438
2.9536
2.9318
3.0732
3.1039
3.1119
3.0809
2.8939
3.0827
2.9356
3.1587
3.2822
3.3624
3.3837
3.2351
3.5153
3.0976
3.5503
3.4091
3.5538
3.6938
3.6156
3.7463
3.4821
3.8572
3.6074
3.8970
3.9978
3.9669
4.0795
3.8330
4.1934
5.5884
4.6920
5.0810
4.8064
5.2890
4.9197
5.3408
5.1801
5.4554
5.0032
5.4230
5.5138
5.8499
5.5465
5.6027
5.6687
5.6010
5.3942
5.8108
5.6838
6.0396
5.8450
5.9375
5.7590
6.2148
5.9367
6.0304
6.1836
6.0797
6.0344
6.1127
6.2345
6.0358
6.1997
6.1798
6.2230
6.3810
6.3630
6.2673
6.2986
6.4613
6.3072
6.5529
6.5069
6.6782
6.6774
6.6598
6.7958
6.3928
6.8075
6.8788
6.8632
6.8664
6.7012
6.8609
6.6105
6.6556
6.6593
6.7404
6.7139
6.6099
6.8035
6.7205
6.8838
6.8735
6.5604
6.8730
6.3855
6.7545
6.8206
6.9735
6.6929
6.8946
6.4801
6.5512
6.7194
6.9291
5.2259
4.8866
4.9733
4.9320
6.2124
5.5804
5.0035
4.9340
5.1287
5.1695
5.1676
5.1389
5.2189
7.1269
7.4190
7.1903
7.2818
7.0925
7.2715
6.6342
4.9796
5.0674
5.1344
5.2737
5.2297
5.1777
5.2887
5.2638
5.2065
5.2649
5.2503
6.4708
7.3891
5.8198
5.3385
5.3443
5.3491
5.3220
5.3878
5.3703
5.4000
5.3997
5.4813
5.0943
5.4621
5.5366
5.4698
5.5121
5.4738
5.5084
5.5506
5.5579
5.4971
5.7450
6.0709
5.5595
5.8332
5.8795
5.9648
5.5309
6.3712
8.2784
5.8594
5.8281
5.6447
5.7788
8.6928
8.5971
8.6498
6.8285
5.8252
8.0416
8.8644
5.8248
5.7169
5.7571
5.7809
5.8667
5.8460
5.7538
5.8662
5.9738
5.9437
6.0565
5.9108
5.9915
6.1014
6.0573
6.1667
6.3289
6.3514
6.0274
6.4201
6.1929
6.1073
6.0290
6.1983
6.0001
6.2148
6.2406
6.1443
6.2243
6.5320
6.0447
6.0542
6.4365
6.4718
6.5407
6.3761
6.1888
6.1584
6.4126
6.2544
6.3503
6.3018
5.8522
6.2772
6.3105
6.2747
6.3116
6.3859
6.3222
6.4150
6.4095
6.3763
6.4487
8.7108
6.5987
6.4845
6.5061
6.5261
6.5912
6.5133
6.5251
6.5441
6.5939
6.5354
6.7250
6.5767
6.3316
6.7281
6.5498
6.7496
6.7347
6.7995
6.6074
6.8260
6.8484
6.7592
6.8477
6.8480
6.5868
6.7135
6.7357
6.7747
6.9226
6.9747
6.7287
6.7400
7.0102
6.8341
6.8823
6.8957
6.4618
6.8664
6.8888
6.9018
6.9019
6.9515
6.9323
7.0073
7.0316
7.0060
7.0749
7.1007
6.9781
7.1148
7.1690
7.1335
7.1958
7.1445
7.1547
7.1637
7.2178
7.1517
7.2749
7.2416
6.9876
7.4086
7.1760
7.3396
7.3800
7.4059
7.2187
7.4372
7.4610
7.4069
7.4629
7.4754
7.2584
7.3465
7.3783
7.4025
7.5749
7.6016
7.4026
7.4064
7.6589
7.5015
7.5187
7.5241
7.2322
7.5866
7.5636
7.5571
7.5869
7.6282
7.6215
7.6338
7.6780
7.6385
7.7418
10.4659
12.3413
12.1305
12.9196
13.0748
13.3974
12.6531
12.5093
11.2407
7.9870
7.7310
8.0405
7.8290
7.9115
8.2056
7.9527
8.1478
7.9788
8.2039
7.9145
8.2418
8.1223
8.0884
8.0757
8.1602
8.0976
8.0480
8.0168
8.0066
8.1693
8.2221
8.2095
8.1072
8.2508
8.2067
8.2985
8.2051
7.9767
8.2600
8.2431
8.1964
8.1975
8.2572
8.3448
8.4293
8.3314
8.3658
8.4594
8.3691
8.3418
8.4062
8.5873
8.7859
8.4656
8.5251
8.4845
8.4746
8.5690
8.6945
9.0289
8.5546
8.4291
8.6544
8.5341
8.6528
8.7041
8.7020
8.5603
8.7311
8.7135
8.6926
8.7391
8.7590
8.6288
8.7367
8.6692
8.7765
8.8889
8.9097
8.7867
8.7604
8.9439
8.8295
8.8430
8.9400
8.5975
8.9056
8.8967
8.9574
8.9198
9.0565
9.0295
9.1619
9.0364
9.0180
9.0711
9.0064
8.9741
9.0952
9.1630
9.1127
9.1121
9.1366
9.1056
9.1604
9.1230
9.1748
9.1469
9.1524
9.0361
9.2814
9.2100
9.1744
9.2993
9.2852
9.3431
9.3618
9.3945
9.3436
9.5148
9.3962
9.3033
9.4208
9.5449
9.4125
9.4519
9.4241
9.2925
9.5463
9.5283
9.4742
9.4382
9.6167
9.2440
9.5604
9.6245
9.5894
9.6340
9.5380
9.6277
9.6161
9.6967
9.5632
9.6375
9.7157
9.6207
9.8141
9.6871
9.8737
9.8609
9.7600
9.8139
9.8878
9.9393
9.8799
9.8253
9.7020
9.7318
10.1607
9.9147
9.9625
10.0619
10.0255
9.9831
10.0909
10.0851
9.9957
10.0866
10.1766
9.9335
10.0734
10.0616
10.1997
10.1041
10.1764
10.1327
10.1809
10.1090
10.0799
10.1453
14.2693
14.0213
10.2160
10.2844
10.3290
10.3054
10.3004
10.3740
10.4151
10.3646
10.3141
10.2573
10.3523
10.4330
10.3604
10.4350
10.5753
10.5237
10.4964
10.4295
10.6127
10.5335
10.5642
10.5215
10.5428
10.4355
10.6065
10.6694
10.7009
10.7091
10.6887
10.6848
10.7362
10.8406
10.7786
10.8457
10.8085
10.6905
10.8356
10.7977
10.9410
10.8407
10.9727
10.8070
10.9602
10.7841
11.0729
10.9823
10.9764
10.7167
11.0494
10.9454
11.0539
11.0686
11.1981
11.0492
11.0791
11.1259
11.1748
11.1112
11.0644
10.9752
11.0733
11.1766
11.1698
11.2195
11.2651
11.2476
11.3114
11.2920
11.3565
11.2577
11.4090
11.1113
11.3331
11.3464
11.2726
11.3804
11.4672
11.4037
11.4706
11.5374
11.3993
11.4264
11.4882
11.2847
11.5621
11.5351
11.5479
11.5315
11.5693
11.4605
11.5149
11.5498
11.3771
11.5012
11.5411
11.3963
11.4070
11.5542
11.5664
11.6528
11.6210
11.5844
11.6964
11.6201
11.7033
11.6663
11.7304
11.7051
11.7580
11.7053
11.7626
11.7965
11.8161
11.7291
11.8473
11.9011
11.9085
11.9273
11.7912
11.7304
11.9786
12.0030
11.9797
12.0326
12.0205
11.9782
12.0703
12.0808
12.1225
12.1618
12.1202
12.1152
12.1054
12.1160
12.1222
12.0845
12.2529
12.0385
12.0741
12.1827
12.1141
12.1413
12.1969
11.9784
12.2101
12.3234
12.3324
12.2541
12.3787
12.4773
12.4535
12.4173
12.3834
12.4046
12.3857
12.4279
12.5687
12.5281
12.6233
12.6159
12.5192
12.4617
12.5975
12.5870
12.6665
12.5903
12.6053
12.5762
13.0230
12.8333
12.8288
13.7810
12.7912
13.4427
13.6101
12.8719
12.7325
12.9619
12.9277
12.7183
12.9913
13.0418
12.8905
12.8652
12.8117
12.8126
12.8088
12.8431
12.8745
12.9104
12.8769
12.7001
12.9577
12.8582
13.0339
12.9323
13.1050
13.1289
13.0075
13.0723
13.0357
13.0885
13.1531
12.8911
13.0976
13.2198
13.2213
13.0603
13.2167
13.3229
13.1873
13.2683
13.3317
13.2256
13.2586
13.2065
13.3567
13.3451
13.2884
13.3357
13.4271
13.3639
13.4302
13.2443
13.5478
13.4362
13.4483
13.4269
13.5827
13.4365
13.3751
13.5068
13.5060
13.8053
13.3839
13.5801
13.5245
13.6029
13.5077
14.7698
14.7059
13.5838
13.6138
13.7458
14.4721
13.8128
13.6883
13.9623
13.7517
13.8828
13.9183
13.9628
14.4604
13.8706
13.9484
13.8119
13.8594
14.0115
14.0110
14.1419
14.1106
13.9548
14.0617
13.8922
14.1298
14.2584
14.2007
13.9503
14.2054
14.3035
14.2938
14.3229
14.3038
14.2171
14.4879
14.2899
14.5208
14.4564
14.4921
14.5147
14.3615
14.3553
14.2502
14.5929
14.4891
14.4674
14.5360
14.2868
14.4392
14.4507
14.6246
14.4743
14.7081
14.6425
14.8103
14.6923
14.8083
14.7847
14.8515
14.6747
14.7748
14.7287
14.7335
14.4944
14.6283
14.8005
14.8160
14.7218
14.8387
14.7272
14.6922
14.5159
14.9394
14.8201
14.9770
15.0245
14.8701
15.0044
14.8004
15.0479
15.0667
15.1144
14.9998
15.1499
15.0727
15.1465
15.0794
15.0493
15.1007
14.9254
14.8883
14.9453
14.9233
15.0209
15.1307
15.2075
15.3009
15.2475
15.0616
15.1261
15.2409
15.4463
15.3907
15.3301
15.3290
15.3861
15.4489
15.5027
15.3560
15.4350
15.5083
15.4754
15.5763
15.5243
15.4712
15.5035
15.5487
15.5389
15.5163
15.4487
15.4484
15.4740
15.5643
15.6664
15.5709
15.6945
15.8422
15.6874
15.7553
15.7407
15.8099
15.6331
15.8746
15.7745
15.8454
15.9022
15.7609
15.6772
15.9185
15.7935
15.8704
15.8630
16.0054
15.5173
15.9059
15.9787
16.0006
15.9867
15.9513
15.9644
16.0215
16.0764
16.1008
16.2197
16.1627
16.1830
16.2452
15.9888
16.3775
16.0370
16.1192
16.1261
16.3327
16.3112
16.4223
16.3336
16.0585
16.0372
16.2201
16.1780
16.3902
16.3937
16.2741
16.3075
16.4033
16.4557
16.5454
16.5219
16.3378
16.3483
16.4143
16.3568
16.2380
16.4238
16.3713
16.2629
16.3472
16.4455
16.4993
16.4579
16.4056
16.3870
21.1012
28.6211
28.7801
28.9691
28.9233
23.9534
16.5670
16.7102
16.6505
16.4876
16.5122
16.7134
16.7134
16.6610
16.8125
17.0109
16.7145
16.8882
16.9474
16.8951
16.9617
17.0788
17.0839
17.1054
17.2364
17.1729
17.2261
17.0901
17.2754
17.3051
20.1302
19.9690
17.2026
17.0889
17.1993
17.3278
17.3621
17.2642
20.6845
20.4826
17.3931
17.1379
17.2687
17.3106
17.4066
17.4404
17.5875
17.4958
17.4262
17.4662
17.5502
17.4519
17.4988
17.4978
17.4594
17.3893
17.5558
17.4323
17.5116
17.4642
17.4893
17.4655
17.6317
17.4337
17.3678
17.5282
17.4258
17.4845
17.7160
17.5277
17.5261
17.4397
17.5936
17.6384
17.7255
17.5833
17.7749
17.5756
17.7436
17.7485
17.6863
17.8098
17.7916
17.6113
17.7741
17.8129
17.6756
17.7632
17.8010
17.7142
17.7666
17.7733
17.6626
17.7078
17.7266
17.8930
17.8203
17.9042
17.8673
17.9693
17.9610
17.9866
17.8974
17.9634
18.1009
17.9845
18.1125
18.1581
18.0613
17.9167
18.1346
18.1729
18.1461
18.1261
18.1413
18.0972
18.1998
18.1356
18.1871
18.1797
18.3740
18.3233
18.3277
18.3677
18.3936
18.3822
18.5437
18.4508
18.4368
18.5607
18.5040
18.5145
18.6167
18.5586
18.4092
18.5231
18.6383
18.6240
18.5669
18.6566
18.6558
18.6452
18.6494
18.1341
18.6525
18.7903
18.6520
18.6353
18.6442
18.7060
18.7849
18.8411
18.8651
18.8766
18.8442
18.9054
18.9090
18.8666
18.8554
18.8670
18.9783
18.9329
19.0716
18.9460
19.0692
19.0106
19.0287
18.7931
19.0733
19.1694
19.2219
19.1541
19.2005
19.1947
19.3089
19.2038
19.1662
19.2183
19.2183
19.0572
19.2731
19.2534
19.4072
19.3351
19.3928
19.2119
19.3400
19.2746
19.3059
19.2712
19.3292
19.2954
19.2471
19.4444
19.4210
19.3666
19.3507
19.3387
19.3844
19.4017
19.5639
19.4389
19.4798
19.3733
19.4254
19.5078
19.6242
19.5531
19.6629
19.5925
19.6622
19.6789
19.8289
19.5602
19.6924
19.6291
19.7667
19.7262
19.9305
19.7886
19.8694
19.9370
19.8815
19.7997
19.9816
20.0871
19.8625
19.9276
20.0843
19.9698
20.0839
20.0001
20.1094
19.9015
19.9603
19.9151
20.1329
20.1063
20.0125
20.0910
20.1638
20.1908
20.1980
20.2387
20.2017
20.1554
20.3837
20.2592
20.2551
20.3699
20.2925
20.3722
20.4025
20.3889
20.5290
20.3578
20.4105
20.3801
20.5321
20.5266
20.5536
20.3908
20.5423
20.4237
20.5464
20.6416
20.5695
20.6107
20.6028
20.6901
20.7658
20.5266
20.5925
20.5818
20.6041
20.6879
20.7144
20.5814
20.6632
20.6766
20.7579
20.6874
20.6369
20.5925
20.6459
20.8163
20.6722
20.6217
20.8444
20.9413
20.8933
20.9311
20.9584
20.9455
20.8979
21.0020
21.0649
20.9771
21.0213
20.9031
20.9437
20.9925
21.1309
20.9428
21.0375
20.9961
20.9134
21.1540
21.0690
21.0622
20.9654
20.9478
21.0893
21.2039
21.2383
21.1625
21.1803
21.2350
21.2157
21.2369
21.3012
21.2530
21.3259
21.2258
21.3110
21.2488
21.3364
21.3872
21.5546
21.3744
21.3632
21.4545
21.5292
21.5198
21.4035
21.4665
21.4973
21.6205
21.5664
21.5333
21.6682
21.6165
21.8110
21.6306
21.7047
21.7959
21.8157
21.7355
21.6270
21.7549
21.6486
21.7511
21.8177
21.7401
21.9377
21.8965
21.9230
21.9020
21.9678
21.8410
21.9570
21.9669
22.0817
22.1273
22.0246
22.1805
22.2279
21.9687
22.0592
22.0931
22.0899
22.0818
22.1022
22.1191
22.1488
22.1276
22.1877
22.1450
22.0706
22.1977
22.0515
22.2369
22.3297
22.1781
22.3684
22.4084
22.2311
22.3109
22.1985
22.3393
22.3330
22.3253
22.4265
22.4336
22.4770
22.4837
22.4500
22.5162
22.4315
22.3380
22.4897
22.4205
22.5231
22.5565
22.4963
22.3758
22.4856
22.2837
22.6153
22.5458
22.5384
22.5394
22.5380
22.6265
22.7043
22.5892
22.6732
22.7657
22.5837
22.6385
22.6552
22.6838
22.6640
22.7789
22.8662
22.8237
22.7219
22.8838
22.8614
22.8625
23.0242
22.6925
23.0237
23.0293
23.0361
22.9070
22.8790
23.0587
23.0808
23.0198
23.8413
22.9894
23.0837
22.9312
23.0500
24.5433
23.0846
23.0197
23.1181
23.2028
23.3418
23.2732
23.3648
23.3568
23.1393
23.1262
23.2300
23.2633
23.2880
23.2148
23.3118
23.3451
23.8755
23.5354
23.5082
24.0728
23.9578
23.9750
24.2134
23.7498
24.8255
23.5248
23.5993
23.5220
24.6164
23.6285
23.6788
23.7108
23.8111
23.4929
23.6528
23.9439
42.8405
42.1540
23.5406
23.8540
24.7709
23.7268
23.7508
23.8487
23.6430
