3.2411
5.9905
9.5263
10.1665
13.9865
10.3307
18.2441
12.8895
23.1009
23.8950
26.5111
16.0486
29.5627
32.2456
34.9294
16.9726
35.1612
29.6901
36.7156
42.5938
45.0185
44.8948
41.9648
21.6353
45.1610
52.5252
52.0793
52.9472
46.1708
43.4920
50.4244
31.0630
59.3871
68.8170
57.5086
43.7801
52.3167
63.4442
75.7959
58.4004
62.4608
59.3891
64.4786
60.7765
63.6387
60.1875
64.6118
40.8910
62.7616
59.8866
64.5315
59.5431
64.6479
58.8130
68.7394
60.4617
72.9773
71.6970
71.7276
58.7559
70.7097
80.4408
77.8885
57.9214
79.5922
70.0755
80.4926
79.3345
85.6004
79.1788
84.2704
63.6001
86.4564
81.7554
95.6975
87.6209
93.1021
82.3358
95.9376
71.6775
100.5045
101.5209
94.2910
81.2795
98.3274
102.1294
103.1493
100.6166
100.2455
96.7182
107.3446
102.0584
112.2294
106.7460
116.5199
78.0787
113.9113
107.6981
122.7562
109.3821
115.2325
109.9581
122.3207
112.1093
124.1835
117.4152
123.7404
120.2807
126.7291
125.7896
128.7302
108.2495
129.2512
116.2980
127.4537
118.2843
127.1169
114.8074
126.6173
100.6384
126.9882
123.3799
137.9465
128.3928
133.0999
133.0069
142.4012
118.7848
139.8522
133.9638
130.8950
123.0938
137.8446
164.3466
171.1617
161.7513
164.5428
136.4946
139.7396
148.0158
147.5967
145.0552
151.7153
92.1076
185.1094
179.2083
181.2815
138.3710
159.0984
139.2522
156.6360
142.9998
157.1392
154.3053
170.0246
142.5019
158.6596
152.5971
156.3698
128.2883
159.6944
136.0822
160.0021
143.1791
159.7065
150.5346
148.2807
113.1195
156.2629
158.4949
147.1730
151.3928
162.5302
148.8319
166.3518
132.5121
162.3298
166.1201
158.0344
132.5916
155.4163
166.8405
151.2150
142.0917
180.7776
147.2450
162.6616
151.4689
164.1659
172.1767
163.2370
103.7545
168.7574
156.5866
198.4476
190.8356
201.1333
191.5021
195.5915
144.0789
158.7984
163.7701
153.1400
139.8105
187.7682
162.6507
165.2018
141.4326
165.7185
149.0828
167.6893
154.1250
165.5498
162.5992
200.5692
126.2668
177.1558
200.5349
208.0687
205.6210
212.2500
207.3097
173.6389
144.1387
173.0055
177.5947
169.3954
139.2948
165.0923
175.9847
177.0699
153.9324
178.5984
151.5746
175.3849
201.7270
173.3824
182.3724
189.4307
116.8821
172.4940
167.4010
160.3142
160.9135
170.2530
158.0378
170.9168
154.6015
171.4671
225.1906
181.8772
172.3815
194.0540
195.4996
188.5481
186.6369
170.8245
164.0945
165.6779
173.7686
198.4989
217.3830
171.2382
134.8874
166.1794
219.8808
178.6549
178.8561
217.5559
212.2906
187.4812
149.7146
183.1614
178.5300
177.4982
150.6262
202.3355
192.4557
206.5717
178.1469
175.3749
168.9418
168.9866
223.4866
212.9051
186.1241
205.9269
203.3642
208.5954
176.2151
212.2823
189.8879
188.0576
218.5335
232.8482
225.5870
173.3955
183.0399
204.1215
203.9979
233.7884
230.9176
207.4369
218.9800
239.1594
173.5817
176.3510
183.7183
180.4360
179.6638
206.1555
147.8064
182.9661
216.8129
208.1578
242.9606
211.0447
234.2904
190.2812
193.7720
193.3119
188.6972
213.3060
167.4616
216.8694
199.2949
189.0789
189.1885
187.9311
208.3541
197.4936
195.1080
197.5266
198.5467
177.0523
144.0178
179.1189
186.4869
238.8377
201.3859
200.0748
183.9497
193.2224
203.2661
248.0730
213.1438
194.8875
178.3429
189.3181
199.2380
188.4371
207.8637
214.1401
181.9622
196.3428
194.1653
219.0742
189.1317
191.3469
161.4016
217.9921
215.1768
191.0195
197.4980
186.9598
188.8673
201.4525
175.3597
203.7136
200.5149
196.5620
181.1711
197.3925
195.5817
201.7047
200.3235
195.3980
190.3876
191.8597
220.1884
195.7812
211.3492
188.0013
155.7518
190.8599
197.9347
195.2777
200.4939
194.5662
194.7638
223.2544
211.6867
198.5384
209.6272
217.0527
189.4621
218.4456
199.5121
200.1215
204.5752
200.7663
197.1534
200.5274
220.7503
202.0121
202.9117
200.9874
173.6118
197.9543
201.2239
204.8176
210.4883
209.9075
199.3431
204.4654
191.0290
212.0363
210.2562
207.4851
192.7796
209.2705
207.2674
208.4315
207.4671
246.0930
239.3380
204.7748
242.1166
207.1589
247.0309
201.6226
171.4986
235.2889
227.8659
225.0542
228.3654
205.7213
240.5557
234.3717
240.4937
251.4723
252.2260
240.3471
234.4344
214.6231
248.8540
219.9715
201.2537
212.2535
208.0652
253.9300
229.4467
213.1149
235.2875
212.8278
189.7926
214.1112
229.6369
245.9773
218.7150
234.4252
228.8822
252.0625
250.6681
217.7022
221.7651
217.0211
207.4025
219.9484
223.0561
216.1670
253.8814
217.8313
233.8425
240.3554
253.0757
236.9869
221.1553
259.6047
182.7179
246.5637
233.6717
267.8026
232.4392
223.4399
255.0495
220.6214
232.7397
232.2095
222.8089
254.4502
221.2381
232.4479
225.6814
226.9242
231.3869
227.6603
225.2131
228.7820
248.9548
229.6966
271.0667
251.9598
199.4778
227.1701
254.1605
255.0058
277.9470
234.0264
225.5107
228.9905
216.4607
230.1795
233.6305
263.2184
242.1793
225.5741
242.5633
259.2624
264.9770
231.4934
239.0019
286.9895
240.8952
238.3888
248.6203
242.0116
196.6862
312.3528
236.9635
281.6829
269.5360
249.1865
273.6552
277.6250
255.0335
237.0910
259.1881
240.4187
244.3017
239.5691
274.3783
298.1063
246.2017
279.2015
244.3878
259.7689
245.6923
319.6523
250.6836
243.2153
213.6681
238.5527
246.6433
278.8354
258.5633
247.5863
239.5094
242.7268
229.9800
325.8193
258.3987
268.6441
265.5789
240.6933
252.8415
244.5054
240.8213
243.8770
238.1634
251.1047
252.4573
266.7188
249.4176
285.5548
223.2384
245.8034
250.8980
294.9777
323.1393
249.6304
243.1085
247.4445
244.2046
248.3099
253.7851
332.3224
317.2449
252.5676
256.5073
336.3887
341.9401
358.5309
260.9203
253.5914
256.7547
253.3954
314.9109
275.7738
251.9728
252.9656
322.1111
258.1272
263.4801
258.8632
314.0180
275.4658
242.7825
256.3091
261.6100
263.5093
243.1890
259.8124
267.1164
341.5338
360.1320
358.1547
370.4858
268.3601
336.9021
368.8342
377.0044
371.1151
240.7744
304.8286
379.9156
374.5900
315.8513
367.3751
254.3354
261.3746
255.7886
261.6032
266.9784
263.9127
249.2399
265.5567
268.1687
266.9259
252.6458
271.4897
260.8208
267.1055
267.3983
266.9221
266.7345
279.1158
238.1183
259.7919
267.4596
274.1314
275.0551
354.9684
283.2658
269.0792
255.6209
326.6585
389.9189
285.5362
256.8600
392.9046
392.7238
381.3241
372.6525
395.0441
374.5874
390.0485
388.4876
392.5611
318.7145
270.1255
235.7267
331.9709
399.2590
397.6855
277.8813
354.2636
394.6654
400.3919
341.4312
275.8730
344.8859
407.8943
394.2635
405.9320
399.2593
403.7380
319.9852
277.7356
274.6637
280.5977
282.1548
279.7716
383.7752
400.7522
381.1899
414.8965
344.9044
285.3844
294.8037
293.5862
334.9010
343.6307
400.9441
402.8280
330.4678
286.2031
267.1930
282.6981
289.7285
282.1107
384.9748
387.4100
272.3251
306.8400
289.5077
284.2752
291.1446
281.2696
248.4323
282.7037
292.8513
288.3734
362.3185
420.4582
416.5578
410.1997
414.1483
373.4599
423.6866
419.7920
406.5804
426.2392
420.1650
423.0171
379.8784
371.1660
417.4892
428.8453
416.3407
418.3136
349.3408
369.7379
408.4462
434.5243
298.6481
328.6375
427.6888
337.2406
330.5576
428.0182
410.0827
426.7196
414.5921
423.2021
411.3899
425.0273
421.3096
422.4105
426.1919
447.3111
417.4369
434.9262
424.1813
419.4441
425.5335
427.2763
412.6844
436.1163
433.8510
424.2771
444.0291
426.3727
424.4830
428.7342
435.6381
425.8390
432.0038
436.4194
392.4728
303.9329
379.3778
432.3669
429.9880
433.9649
430.0127
431.2798
445.4107
443.5270
432.2031
433.7264
429.2678
443.2266
438.9535
438.7713
451.7884
454.6736
441.8840
449.1718
428.7463
444.2239
464.0136
456.3333
333.0151
356.6307
446.6396
450.4433
447.7343
453.4170
460.5891
464.1090
451.8268
454.2257
454.4482
454.7990
444.1558
476.6289
476.1804
462.1580
480.0448
494.7840
451.6499
490.5926
477.5723
484.6967
461.5086
475.1518
446.9631
469.2747
478.9924
462.0703
482.0768
460.8948
458.8273
504.9344
471.8858
470.5871
464.3370
472.6253
453.0212
474.8484
464.8646
381.8968
426.9051
473.6016
356.2779
425.1896
301.5527
404.1534
466.7969
472.0644
300.3098
314.4340
321.4166
319.2507
313.8857
378.2157
310.5853
327.9325
324.4125
322.4496
328.1966
318.9595
286.2799
377.2147
321.3066
325.2649
420.4849
318.8911
442.1283
463.9729
475.9270
374.4337
380.9713
329.8556
379.5663
329.0475
462.1880
400.0163
428.2208
459.0557
331.5074
329.3021
434.5469
334.2718
436.2011
481.8274
469.2333
501.6944
533.5266
502.4954
527.1278
520.1294
525.1358
512.9953
486.3920
491.0319
498.4119
430.8678
316.8384
329.2343
335.3656
464.0852
411.7257
486.4426
487.6435
497.0805
508.0227
361.1840
334.6276
333.9411
300.2572
331.2779
455.8589
492.5717
488.4923
424.4234
481.5027
436.1054
479.6856
505.2305
501.7344
490.5346
435.1252
492.0974
426.0257
339.3339
472.9352
491.8964
509.7291
519.3189
512.3235
465.9373
342.3232
346.6385
316.2662
349.9704
344.2637
349.4472
375.3821
343.7274
338.2897
489.0824
500.6445
513.3146
450.4159
444.0561
328.5973
379.7739
434.6197
345.5454
341.1321
350.5035
340.6332
345.8668
356.9255
361.4047
397.1822
348.9793
313.4962
347.6409
350.8570
474.0106
367.1031
344.4514
344.3832
371.2897
432.1558
446.4925
430.4017
508.8631
387.4463
418.8065
344.6746
353.0370
483.7017
532.3921
512.1045
482.9434
356.0188
352.5637
356.4783
359.4425
330.0394
384.6680
354.2964
363.8414
427.5067
397.8813
353.7386
359.4894
392.2326
447.0920
387.8955
388.0328
432.5088
401.6165
367.1838
360.5381
354.7027
412.7493
351.7308
361.8579
371.0591
358.1125
460.5935
461.8539
326.5128
357.4128
433.8906
455.4245
478.4685
407.0799
513.3568
426.5333
501.6174
470.9920
393.0407
431.2986
348.9139
366.1829
501.8759
481.0717
502.5489
360.4412
359.7635
361.1890
402.5775
471.2756
422.6085
488.0921
342.2775
370.4881
373.5836
369.0034
409.0453
418.9738
480.5304
371.3472
355.7205
394.9775
413.9687
364.4116
354.6407
368.1939
377.6653
371.5134
391.6821
371.2790
366.9853
374.7860
379.1430
368.4777
382.8200
400.5089
340.3966
369.6502
437.5994
552.0016
457.5626
546.4413
487.8732
497.4389
467.1888
484.5017
463.7285
569.0936
359.6458
378.6056
378.3065
465.0209
568.8965
575.7770
485.6551
485.4897
578.4929
588.2905
453.7066
584.4719
351.6626
503.8754
385.6168
491.6565
581.3818
475.1222
582.5385
444.4891
480.7099
381.0811
536.5530
457.5464
484.8797
385.5168
413.9752
584.6356
507.1657
593.9363
559.6387
381.2020
388.6178
556.6208
403.0804
384.2700
352.3938
490.7091
607.3218
592.2314
592.3513
614.2479
593.0342
605.8270
554.8489
390.9535
557.1723
440.7520
375.0530
550.1790
551.8547
390.5907
441.5381
596.8812
383.3398
391.2641
546.9110
511.8904
391.8603
399.2062
369.7417
411.4013
502.3572
446.7709
399.7758
397.6355
391.9398
557.5360
490.4062
394.8069
523.5986
432.4367
452.0841
399.7499
403.2078
429.2047
392.9678
409.5989
391.5191
449.3931
404.4168
503.5821
426.0458
395.0353
362.6919
397.7873
402.7002
592.9269
448.3793
396.3414
396.1988
563.7026
613.3469
536.7652
414.2923
617.9454
437.0649
566.7357
537.1659
406.0001
390.5132
443.7008
517.4451
498.4946
532.0852
431.8391
621.7430
479.8430
374.8763
406.1609
526.5126
577.1409
603.2319
518.8219
474.5640
514.9893
461.3262
407.7290
578.9591
464.8843
390.5449
473.4872
484.1667
472.7339
404.8690
457.7046
400.7293
549.5132
416.1954
406.7810
535.2376
636.5301
434.1604
550.0100
497.6708
635.6995
486.0306
557.4998
584.4887
547.1048
400.3315
601.7024
416.6592
552.5795
626.6988
648.4631
653.5345
648.9977
609.1243
404.4348
408.0298
620.3598
634.7583
409.6490
584.3164
479.9115
392.4923
572.8975
541.1547
501.7427
424.6897
446.6850
500.8050
418.4441
405.7821
419.2342
558.6159
651.8549
402.0060
577.9295
582.8207
614.9097
475.8764
427.5953
413.5619
424.7284
429.2033
422.6666
547.0181
424.6737
389.9904
452.1338
419.5157
492.5760
486.1232
554.6978
416.4531
426.5195
419.6124
606.6560
422.5546
428.9618
411.6961
649.7596
662.9584
656.8550
657.1091
665.3170
669.4631
584.7719
608.7818
663.3134
723.1732
730.4086
653.0378
667.2796
494.6539
428.7070
463.7363
435.2647
426.5067
435.7182
542.6371
431.9925
634.5965
480.3334
416.8184
432.2832
438.3183
433.0378
433.5463
467.7756
539.6209
676.0762
673.9915
674.2508
690.8653
686.0653
669.2143
675.4704
468.4855
529.5319
436.6970
617.7874
679.9312
684.2388
679.0915
678.0311
683.2763
685.7900
679.7747
682.8601
687.8126
686.9705
685.1112
695.3007
600.6932
591.3503
618.6464
638.6588
562.4310
568.5030
418.9117
439.1916
437.0054
438.9318
611.9417
456.5041
440.4222
559.0527
674.3085
445.9355
586.0004
617.3507
693.4896
495.5124
688.4282
688.7634
677.9557
576.3495
440.2410
449.8301
538.4902
591.9319
452.8084
503.0273
415.4172
602.8291
605.2719
603.8429
707.8190
704.9308
696.1200
536.3087
502.6580
675.2774
465.1246
453.4668
438.0661
451.6958
527.9221
706.7807
546.8616
542.4919
448.0525
455.2661
454.8918
658.8033
606.0082
720.9764
690.6116
601.6732
664.7274
718.4947
718.2284
709.8991
720.1294
714.7533
708.7076
711.8504
611.1997
641.7204
442.1099
610.3277
717.4923
493.1730
641.4960
692.9702
453.1482
694.8714
722.1548
715.7607
724.6316
717.1327
717.8180
714.0943
704.7130
649.1024
729.0169
591.1776
459.1160
527.3564
722.9897
713.2418
734.6042
722.9058
571.7578
737.4382
730.1939
727.5336
703.1351
715.9582
725.6181
725.1401
732.7206
735.2339
736.6033
784.4294
795.4590
822.8755
805.1978
820.0069
808.8220
807.0874
804.6976
808.8230
813.1308
809.7759
811.9946
815.7568
807.3238
813.1199
815.2603
817.6610
811.0503
814.6569
814.2685
819.0862
822.5011
824.6204
821.7174
821.8901
837.6645
819.2553
814.0047
828.9889
829.0717
839.3548
850.1542
826.2900
826.7719
830.6774
846.8008
838.1637
817.9199
830.6103
821.8155
836.8122
850.0955
832.5205
828.4421
833.5588
839.4900
830.6126
837.2943
829.7746
857.5834
834.2758
832.6875
837.1228
836.7129
831.7133
830.2424
835.9344
837.2478
839.4350
836.9290
837.9520
855.4670
840.4177
839.4936
843.1219
850.6428
841.7936
845.8655
844.4724
862.0635
842.1393
847.3716
850.7547
862.0101
845.4571
841.6496
848.7620
844.7641
849.3466
845.6257
843.9124
842.7802
855.2593
849.9079
857.0583
