0.1637
0.4807
0.4113
0.4271
0.4806
0.4849
0.5306
0.5336
0.5800
0.5859
0.6378
0.6213
0.6841
0.6521
0.7239
0.6851
0.7565
0.7415
0.7881
0.8113
0.8085
0.8476
0.8334
0.8781
0.8613
0.9272
0.9158
0.9550
0.9889
0.9556
1.0277
1.0111
1.0712
1.0175
1.1466
1.1214
1.1020
1.1677
1.1309
1.2202
1.1730
1.2512
1.2483
1.2576
1.3471
1.1866
1.4009
1.1878
1.4699
1.2440
1.4957
1.4169
1.4332
1.4741
1.4036
1.5499
1.4363
1.5671
1.5209
1.5959
1.6960
1.5301
1.7045
1.5021
1.7251
1.6074
1.7997
1.7473
1.7203
1.8239
1.7294
1.9384
1.7746
2.0038
1.9445
2.0288
2.1272
1.9096
2.1854
1.8742
2.1792
1.9872
2.2570
2.1672
2.1042
2.2237
2.1153
2.2888
2.1508
2.3023
2.2011
2.2428
2.4811
2.0878
2.4714
3.4368
2.7782
2.9940
2.8669
3.0247
2.7204
3.1191
3.0716
3.0073
3.0953
3.0662
3.1417
3.2502
3.0807
3.0940
3.1159
3.2971
3.2561
3.3114
3.1638
3.3206
3.2337
3.3846
3.3777
3.6095
3.4024
3.4647
3.5054
3.5449
3.5767
3.5955
3.6246
3.6671
3.7213
3.6196
3.6867
3.7140
3.6795
3.7291
3.6752
3.7902
3.8159
3.8040
3.8119
3.8510
3.8231
3.7738
3.8847
3.6327
3.7815
3.7187
3.7516
3.7453
3.7371
3.7552
3.8525
3.7976
3.8615
3.8097
3.9199
3.8573
3.8765
3.9670
3.9115
3.8872
3.8499
3.9327
3.8410
3.7348
3.9686
4.0047
3.9441
3.9326
3.8970
3.7053
3.9266
3.8632
3.7306
3.9469
3.8118
4.0315
3.9527
3.8646
3.9302
3.8955
3.9777
3.9695
4.1341
3.8578
3.9889
3.8576
3.9230
3.9604
4.0847
4.1882
4.1208
4.2459
4.1455
4.2274
3.9626
4.1811
4.2379
4.0435
4.3924
4.1188
4.1178
4.1999
4.1466
4.2678
2.9952
2.9979
3.0009
2.9663
3.0358
2.9952
3.0494
3.0548
3.0495
3.0428
3.2706
4.6446
4.3793
4.2464
3.0689
3.1146
3.1107
3.1288
3.1089
3.0502
3.1251
3.1608
3.1727
3.0758
3.2049
3.1839
3.2341
3.1497
3.1693
3.1754
3.2695
3.1847
3.1809
3.1906
3.2084
3.0248
3.2304
3.2545
3.2249
3.2485
3.2642
3.2586
3.2692
3.2617
3.2752
4.9001
5.0672
4.6536
5.0985
4.9153
4.6883
4.7305
5.0394
5.0946
5.2027
5.1705
5.0435
4.9845
4.7700
5.2944
5.2315
3.3555
3.4355
3.4237
3.4183
3.4000
3.4808
3.3845
3.4020
3.4435
3.5230
3.3764
3.4555
3.4581
3.4293
3.4563
3.5048
3.4703
3.4994
3.5027
3.4837
3.5086
4.5053
5.6561
5.4509
5.2682
5.5123
5.7654
3.5871
3.5644
3.5915
3.5849
3.6230
3.6264
3.6336
3.5749
3.6153
3.6493
3.6527
3.6208
3.6726
3.6920
3.6949
3.7072
3.6836
3.7495
3.7287
3.6008
3.7425
3.7274
3.7770
3.7477
3.7532
3.7604
3.8329
3.7164
5.9941
6.2783
5.7046
5.8634
5.7064
5.7296
5.2057
3.8071
3.8385
3.7879
3.8353
3.8485
3.8293
3.8637
3.8536
3.7008
3.8964
3.8978
3.8879
3.9064
3.9177
3.9276
3.9514
3.9250
3.9570
3.9691
4.0076
3.9398
3.9691
4.0139
3.9996
3.9767
3.9965
4.0195
4.0376
4.0381
4.0207
4.1112
4.0840
3.9687
4.0843
4.0838
4.1450
4.1270
4.1043
4.1000
4.1789
4.0905
4.1046
4.1505
4.2254
4.0901
4.1830
4.1939
4.1595
4.1809
4.2142
4.1761
4.2363
4.2305
4.2060
4.2314
4.2343
4.3020
4.2780
4.2886
4.2891
4.2896
4.3372
4.3285
4.3581
4.3222
6.8524
7.2746
7.1759
7.1114
7.3521
7.3236
7.1241
7.3992
7.4856
7.3538
7.4415
7.5647
7.4390
7.3405
7.4763
7.5004
7.5184
7.3814
7.0655
7.3623
7.0899
7.3387
7.4880
7.1028
6.1904
7.6973
7.8326
7.5584
7.6877
7.7432
7.8177
7.6156
7.4902
7.6467
5.9428
4.6279
4.6574
4.6744
4.7104
4.6929
4.7057
4.7185
4.7302
4.7217
4.8025
4.7961
4.7876
4.8233
4.8233
4.8442
4.8317
4.8442
4.8842
4.8939
4.8880
4.8606
4.9134
4.9086
4.9521
4.9048
4.9565
4.9814
4.9561
4.9353
5.0053
5.0021
4.9977
5.0194
5.0725
5.0388
5.0470
5.0251
5.0407
5.0854
5.1182
5.0948
5.1642
5.0766
5.1187
5.0696
5.1481
5.1120
5.1330
5.1465
5.1391
5.1358
5.1794
5.0162
5.1581
5.2069
5.1961
5.1981
6.1354
8.4355
5.3412
5.2291
5.2585
5.2476
5.3107
5.2878
5.2357
5.2789
5.2813
5.3066
5.3578
5.2784
5.3443
8.2684
8.2966
8.3365
8.8936
5.3780
5.5116
5.4537
5.4879
5.4830
5.5159
5.4507
5.5044
5.4689
8.6573
8.9317
9.0920
9.1535
9.1277
8.5599
8.7741
8.8548
9.0644
8.9634
9.1456
9.2081
9.1609
9.2670
9.0290
5.5944
5.6302
5.6456
5.7424
5.6770
5.6590
5.6645
5.6823
5.6577
5.8093
5.7748
5.8648
5.7994
5.7381
5.7142
5.7986
5.7164
5.7343
5.8618
5.7723
5.7854
5.8850
5.8984
5.8185
5.7738
5.9181
5.8307
5.9947
5.8164
5.9001
5.8467
5.8913
5.8980
5.9135
5.9714
6.1447
5.9354
6.1808
6.0420
5.9749
6.0114
9.3411
9.3947
9.5245
9.6471
9.6697
9.6833
5.9426
6.0188
6.0176
6.0415
5.9963
6.0261
6.2509
6.0867
6.2250
6.1445
6.1427
6.0799
6.5121
6.1157
6.2636
6.1249
6.2598
6.1356
9.9557
9.9080
8.5958
6.1923
6.3406
6.3264
10.4353
10.6524
10.5224
10.3925
6.4039
10.5268
10.2221
10.2597
10.3605
6.4887
6.2978
6.5045
6.4364
6.3241
6.7143
6.7285
6.5392
6.5283
6.5459
6.3900
6.6505
6.5043
6.3303
6.5585
6.4401
6.6459
6.6969
6.4653
6.4905
6.7233
6.4484
6.6129
6.7850
6.5124
6.4727
6.6130
6.7500
6.6742
6.7502
6.7058
6.6545
6.4836
6.8851
6.8766
6.8447
6.7402
6.6690
6.5944
6.6412
6.4470
6.6704
6.7043
6.8498
6.7522
6.6769
6.8849
6.7664
7.0711
6.6493
6.7275
6.7402
6.7245
7.0032
6.7538
6.6854
6.7662
6.8183
6.6889
7.2542
7.2570
7.2113
6.7168
6.8242
6.6178
6.7427
7.3880
7.2809
6.8723
6.8998
6.8881
7.3416
6.7749
6.8498
7.9062
6.9092
6.7725
6.8560
6.9077
7.6970
7.4737
7.0101
6.9713
6.9432
6.9344
7.0118
7.8912
7.8091
6.9947
7.0102
6.9684
7.0386
7.0433
7.0716
11.8312
11.9561
11.3860
11.4498
11.4530
10.0477
7.1474
6.9889
7.0439
7.3717
7.1408
7.1916
7.1721
7.2060
7.1281
7.2998
7.1922
11.6426
12.1750
10.2957
7.1467
7.2686
7.1653
7.2631
7.2069
7.2783
7.2659
7.1790
7.3002
7.3120
7.2153
7.3785
7.2522
7.3363
7.3536
7.2293
7.3068
7.2746
7.2514
7.5349
7.3048
7.3572
7.3087
7.5534
7.5431
7.3383
7.4346
7.4603
7.4189
7.3963
7.5484
7.5441
7.4508
7.3805
7.4680
7.5283
7.4397
7.5112
7.3645
7.6087
7.4454
7.3963
7.7842
7.5943
7.4804
7.5868
7.6379
7.6807
7.6665
7.4815
7.5995
7.6895
7.6632
7.5138
7.6272
7.6252
7.5773
7.7926
7.5489
7.7952
7.6261
7.7510
7.5894
7.8126
7.5946
7.6932
7.7079
7.6240
7.6951
7.6574
7.6237
7.7600
7.7955
7.8431
7.8915
7.8324
7.7928
7.8539
7.6878
7.9952
7.8390
7.8941
7.8638
7.7900
7.8898
7.8372
7.8648
8.0048
7.8687
7.8762
7.7497
7.8330
7.9035
7.9578
7.8882
7.8241
7.9358
7.8167
8.0263
7.9333
8.0057
8.0953
8.2053
8.0839
7.9850
8.0283
8.1632
8.0515
8.0343
8.0329
8.0978
8.1427
8.0682
8.1865
8.1968
8.1869
8.2520
8.2431
8.4040
8.3284
8.2564
8.4345
8.2438
8.2332
8.3816
8.2663
8.2198
8.2942
8.4800
8.2259
8.2360
8.1824
8.3640
8.4019
8.3030
8.2284
8.4689
8.6960
8.5905
8.5501
8.3680
8.8443
8.1097
8.5558
8.7254
8.3339
8.4380
8.9721
8.4356
8.4025
8.6680
8.6174
14.6749
15.9152
8.4870
8.5973
8.9088
14.4969
15.3242
14.4569
15.4945
14.6638
10.2996
9.1593
8.8446
9.1813
8.5783
8.7767
9.2138
9.1376
8.5185
9.1598
8.9400
9.1969
8.7821
8.7665
8.8380
8.7759
8.9848
9.0537
8.6762
8.6737
8.7729
8.6860
8.7126
8.8301
8.8094
8.7402
8.8468
8.7486
8.5485
8.8784
8.8164
8.9792
8.8642
8.9479
8.9546
8.9106
9.0609
9.1934
9.3676
9.2891
9.1745
9.1028
9.0657
9.2858
9.0660
9.2292
9.1951
9.4967
9.2584
8.8437
9.2210
8.9364
8.8431
8.9596
8.9977
9.0481
9.1446
8.9009
8.9642
9.1980
9.0237
9.2054
9.2156
9.1393
8.9724
9.1014
9.0070
9.1072
9.1592
9.1719
8.8897
8.9316
9.2314
9.0574
8.9896
9.3845
8.9688
9.1514
9.1466
9.2801
9.0766
9.0568
9.7218
9.2161
9.2920
9.3709
14.8611
9.3419
9.2179
9.2682
9.4911
9.4870
9.2421
9.4383
9.1588
9.2753
9.2837
9.1862
9.2911
9.7468
9.0566
9.7358
9.4809
9.2623
9.4293
9.7771
9.4967
9.4204
9.1658
9.1827
9.7611
9.8152
9.2749
9.5869
9.5063
9.3407
9.3002
9.4070
9.4708
9.4997
9.5944
9.6138
9.3643
9.5732
9.2424
9.6982
9.3764
9.5840
9.5896
9.6913
9.4415
9.6373
9.6650
9.6540
9.3695
9.7264
9.4693
9.6521
9.7335
9.9153
9.6740
9.4159
9.5690
9.8165
9.5265
9.4982
9.7246
10.1413
9.8802
9.5991
9.4957
9.8067
9.7948
9.6130
9.5742
9.9737
9.9886
9.6780
9.6637
9.6083
9.6198
9.7186
9.8315
9.9178
10.0727
9.6984
9.8341
10.0610
10.1317
9.9277
9.6514
10.2272
9.9843
10.2313
10.2333
9.8866
10.2928
10.0164
9.9690
9.9732
9.9580
9.9567
9.9620
10.2383
9.8955
10.1241
10.3351
10.0381
10.0695
9.8805
10.0469
9.9158
9.9434
10.0676
10.0879
10.1950
10.1056
10.1580
10.1716
10.3345
10.1978
10.2903
10.2971
10.0105
10.2283
10.1480
10.1353
10.2443
10.4400
10.1450
10.0704
10.1617
10.2955
10.2611
10.4015
10.2271
10.3708
10.5237
10.3830
10.3824
10.1066
10.2837
10.2287
10.2197
10.1581
10.3529
10.3448
10.4434
10.1973
10.6396
10.4675
10.7222
10.2710
10.4836
10.5207
10.4935
10.3332
10.7101
10.4965
10.5890
10.4088
10.8251
10.5341
10.4472
10.3851
10.5434
10.5392
10.6025
10.7147
10.4080
10.6069
10.5814
10.7081
10.5656
10.4647
10.8494
10.6098
10.5297
10.6394
10.6869
10.6027
10.7186
10.6012
10.4829
10.7296
10.6663
10.9121
10.6497
10.7883
10.3973
10.6129
10.8530
10.7579
10.8377
10.7068
10.7974
10.7362
10.6013
10.8215
10.6760
10.6948
10.9374
10.8891
10.8591
10.8350
10.8325
11.0049
11.4743
11.1323
10.9176
11.2766
11.1841
10.8422
11.2993
10.9413
11.1591
10.8346
11.0877
10.9547
11.2196
10.9716
11.0196
11.0413
11.0362
11.0156
11.0966
11.0752
11.2342
11.2077
11.3382
11.1932
11.1529
11.2514
11.2117
11.0459
11.3997
10.9008
11.0482
11.3245
11.1729
11.0895
11.3401
11.4751
11.2996
11.3313
11.5730
11.1960
11.4248
11.4355
11.1926
11.3720
11.4507
11.4241
11.3122
11.2124
11.3070
11.5014
11.4039
11.3893
11.5284
11.1726
11.4146
11.7398
11.4265
11.3043
11.4181
11.5175
11.4548
11.5771
11.4572
11.4152
11.5554
11.5827
11.2408
11.3697
11.3573
11.3697
11.5580
11.3801
11.6473
11.4488
11.6083
11.3911
11.4360
11.5562
11.8398
11.6438
11.6215
11.4864
11.4581
11.5518
11.5914
11.7851
11.5531
11.6332
11.8001
11.7404
11.6097
11.6320
11.7104
11.9134
12.1978
11.5529
11.3682
11.9131
11.7771
11.5551
11.9231
11.6946
12.0213
11.8427
11.8684
11.9129
11.8381
11.7191
11.5832
11.6612
11.7814
12.0859
11.9183
11.7671
11.8851
12.0237
11.9232
12.1248
12.2246
12.0244
11.9050
12.2394
12.0391
12.0155
12.3293
12.2966
12.2404
12.1574
12.3626
12.1787
12.2382
12.2392
12.1421
12.3115
12.4281
12.2840
12.1296
12.1269
12.2842
12.0292
11.9927
12.3865
12.5437
12.2243
12.2658
12.3226
12.5813
12.3453
12.3453
12.5469
12.3198
12.3962
12.3080
12.4185
12.6535
12.6521
12.6396
12.5700
12.7023
12.5640
12.6429
12.4201
12.4968
12.9613
12.3649
12.4986
12.5907
12.4734
12.6017
12.5328
12.4505
12.6723
12.5769
12.3308
12.6327
12.8201
12.5723
12.8759
12.4521
12.7675
12.5765
12.4806
12.4606
12.4581
12.6730
12.5537
12.4083
12.4328
12.5225
12.4427
12.3810
12.4850
12.5219
12.8574
12.6419
12.6249
12.6286
12.5600
12.4854
12.5735
12.6761
12.6925
12.4692
12.8195
12.9015
12.7536
12.5605
12.7895
12.7888
12.7662
12.9124
12.9340
12.9060
12.7148
12.8420
20.7034
12.8418
12.6630
12.5043
12.5587
12.6746
12.6619
12.8896
12.6646
12.7526
12.7502
12.8060
12.7707
12.6379
12.7831
12.7644
13.1377
12.6681
12.9174
12.7052
12.8304
12.7259
12.8876
12.8187
13.0456
12.9550
12.9262
12.8477
12.9344
12.8576
12.8911
13.0281
12.8988
12.9377
13.0809
12.9434
12.9102
12.9458
13.0214
13.0700
13.0382
12.8896
13.1051
13.0729
12.9798
13.2115
13.2646
13.1318
13.1578
13.1344
13.1060
12.8665
13.3934
13.2489
13.0368
13.1006
13.1982
13.3475
13.1942
13.3002
13.3600
12.9541
13.0647
13.1245
13.1108
13.3428
13.5651
13.3358
13.3332
13.1811
13.5668
13.3122
13.4492
13.4138
13.4750
13.0550
13.2199
13.3161
13.3399
13.3630
13.1987
13.1896
13.5194
13.3256
13.3322
13.2550
13.4356
13.3428
13.4426
13.5109
13.6246
13.1181
13.3307
13.6913
13.5921
13.4259
13.4866
13.4310
13.6159
13.5776
13.3723
13.5619
13.4547
13.6886
13.5763
13.5619
13.5351
13.5572
13.5571
13.5509
13.6817
13.4229
13.6218
13.5477
