9,0
12,45
11,49
12,61
8,25
11,53
3,60
7,38
8,13
23,54
6,37
15,61
9,19
6,41
12,33
22,61
8,26
16,20
19,12
23,46
26,50
5,44
21,55
13,30
23,25
10,51
21,42
10,45
14,59
11,4
19,32
6,59
7,16
4,48
13,48
20,4
4,46
4,2
18,58
20,16
1,8
16,55
5,55
14,5
10,25
7,6
15,25
5,18
25,52
25,30
1,17
22,50
7,55
12,28
25,1
14,19
14,47
25,9
17,10
13,15
15,11
18,63
26,57
10,17
26,23
16,53
17,30
13,35
25,6
21,52
1,6
7,41
24,26
4,13
22,55
2,6
20,32
17,38
12,41
17,15
10,61
5,63
26,19
9,16
20,13
6,6
18,19
18,8
19,22
16,24
10,35
16,47
4,35
20,50
25,38
3,46
6,9
8,52
22,3
11,2
7,11
19,60
24,11
14,48
15,1
1,33
14,37
16,32
13,44
1,24
13,45
8,12
22,47
20,44
2,57
9,63
8,6
9,13
22,8
21,41
15,16
17,28
18,49
23,16
24,16
14,53
18,32
9,41
12,22
14,38
23,3
19,58
9,12
14,20
16,22
17,58
26,2
26,11
13,38
19,63
17,50
2,50
9,62
11,40
24,53
13,10
11,16
24,61
1,11
20,18
5,15
19,1
3,40
14,46
24,6
25,58
15,57
3,3
3,54
13,63
9,44
19,42
26,62
5,10
20,36
24,60
21,35
6,55
24,54
9,10
24,8
18,21
25,27
4,29
11,47
21,51
26,29
1,26
10,44
24,27
25,44
11,59
24,36
1,56
23,50
1,32
15,12
6,46
26,51
18,30
8,8
7,46
21,17
23,9
19,16
9,55
18,2
22,33
25,17
21,0
5,7
8,48
12,62
2,39
7,8
3,14
10,9
26,41
14,0
21,48
6,48
8,11
4,36
12,23
13,26
8,63
17,57
19,6
24,10
18,14
3,50
21,10
11,56
13,61
1,49
10,10
2,35
4,25
2,10
6,20
9,8
15,49
18,59
25,35
25,10
3,10
2,42
8,4
13,37
15,52
22,27
4,59
18,55
12,31
13,0
17,2
5,41
17,35
21,25
4,60
23,15
5,25
12,56
16,10
23,23
2,29
14,33
15,47
23,59
19,43
11,58
20,60
5,42
11,17
13,42
23,14
26,17
26,26
5,35
2,26
4,10
16,54
18,0
10,47
12,1
17,17
24,48
1,47
26,4
1,29
22,0
3,48
15,0
2,21
5,49
9,26
21,1
3,42
3,29
20,62
1,34
14,60
16,6
2,13
10,34
16,9
17,41
22,7
25,31
22,6
22,13
11,34
15,40
17,23
5,34
7,50
2,32
6,26
20,53
26,28
9,38
7,9
15,30
24,0
4,1
22,54
3,62
7,15
8,49
6,11
7,47
15,23
15,26
3,15
3,31
3,58
11,61
21,59
21,44
2,4
2,60
16,28
20,27
15,37
17,26
19,47
18,17
22,21
2,19
17,51
20,41
25,16
18,34
18,9
26,47
19,39
17,45
24,25
5,61
10,32
24,51
3,43
10,7
13,33
24,46
26,56
1,58
23,10
4,15
2,11
10,8
15,32
21,56
5,53
7,29
10,19
14,11
19,55
20,28
2,5
11,43
18,18
2,23
26,58
7,34
14,55
16,60
20,35
22,49
4,26
4,54
21,9
16,16
4,34
16,40
3,0
24,56
3,24
6,19
8,55
17,62
19,35
5,17
22,31
25,47
2,51
4,12
17,48
3,45
13,34
21,12
2,62
3,39
5,54
19,7
23,47
26,35
3,20
7,5
1,35
2,3
10,59
14,24
20,45
21,46
22,9
23,36
10,42
16,49
24,39
26,52
13,24
16,37
19,61
4,51
6,53
22,62
1,22
1,36
15,6
26,12
11,62
17,7
2,49
5,47
8,57
10,41
20,34
24,57
18,48
8,53
1,44
11,22
15,48
17,36
6,57
20,7
25,51
9,34
12,35
22,42
2,34
19,24
4,63
17,3
2,43
7,49
11,18
15,42
17,13
24,30
3,57
3,36
6,38
18,38
3,6
6,33
16,35
16,50
17,9
24,23
2,36
17,11
17,37
2,14
16,19
19,4
2,20
18,60
1,43
1,12
1,25
2,17
18,7
1,45
2,40
4,33
10,49
16,13
19,11
22,11
1,4
1,46
12,50
18,10
2,54
15,46
23,61
26,49
2,63
2,41
3,53
22,34
7,57
17,6
24,28
3,61
5,11
9,9
15,24
21,27
23,21
4,24
6,30
20,3
23,11
23,19
23,48
23,51
18,52
26,9
26,14
4,50
8,33
17,22
20,10
23,43
25,23
10,12
15,20
22,57
24,62
15,43
4,7
1,16
5,6
24,45
25,24
10,33
15,34
16,8
20,38
25,0
7,44
13,14
3,18
3,33
11,29
5,2
9,45
12,5
1,55
2,56
5,37
6,50
11,35
19,26
22,39
1,1
2,55
8,30
21,21
24,50
24,32
2,45
9,53
19,48
25,48
2,47
2,53
20,43
20,46
3,35
21,45
4,14
13,36
16,17
20,56
12,18
18,43
23,60
6,39
15,41
2,2
4,62
7,31
12,37
22,56
23,45
1,50
11,5
24,5
1,28
5,29
18,27
22,1
23,41
25,5
3,38
2,44
8,39
15,28
18,36
24,43
24,21
26,1
14,56
20,31
20,33
22,36
24,4
24,34
5,33
5,56
9,6
11,42
12,0
12,38
16,62
20,29
2,28
3,9
5,46
6,2
7,24
13,22
17,43
19,54
22,58
22,60
3,25
3,32
4,52
4,37
6,56
9,23
17,25
18,53
26,27
3,26
3,34
10,28
15,55
21,4
24,52
16,45
19,21
22,20
13,17
14,31
16,7
18,25
23,22
23,26
3,23
5,50
5,38
5,5
8,1
8,51
11,15
13,11
14,54
14,45
19,44
21,58
23,33
6,14
19,56
20,51
2,12
2,27
7,4
12,53
20,48
21,2
21,29
25,18
17,44
24,12
2,22
2,38
3,17
4,21
6,29
14,35
20,57
22,17
25,45
25,28
2,58
12,59
13,46
21,49
22,4
22,5
26,37
1,40
4,31
5,30
9,27
10,22
12,3
16,3
18,44
20,11
22,35
2,48
3,11
9,5
14,22
23,42
5,19
6,36
6,27
8,40
21,36
22,32
24,19
1,20
6,4
16,38
1,38
2,25
2,59
5,22
6,25
6,31
16,15
17,61
19,36
20,9
23,62
26,43
3,12
7,43
14,16
15,36
16,18
21,3
21,28
25,7
5,59
7,53
14,43
17,40
19,49
22,44
25,40
2,33
5,40
6,32
7,35
12,57
16,48
16,30
21,61
25,53
1,61
4,32
7,40
7,33
17,33
17,24
17,49
20,6
21,13
25,50
26,38
3,28
7,0
10,16
18,54
18,11
18,35
19,13
25,54
1,3
1,60
3,4
4,0
10,27
11,45
17,27
17,18
20,47
21,33
23,35
2,37
5,28
5,52
5,57
6,16
10,60
12,20
13,47
14,32
14,57
16,1
21,30
22,2
25,39
1,9
2,24
5,13
5,8
7,13
7,36
8,54
20,19
20,14
2,1
8,44
9,28
10,13
12,8
12,16
14,44
15,18
19,0
21,43
22,25
23,12
24,20
4,28
4,55
5,1
6,13
6,47
14,18
15,31
16,23
18,1
19,38
19,17
21,8
21,32
23,34
2,52
8,45
10,31
12,63
16,46
18,16
19,41
25,25
2,18
8,23
11,51
12,58
16,0
19,28
22,43
26,44
1,13
1,62
4,49
5,3
6,8
7,12
9,32
16,4
21,26
23,20
25,63
3,7
3,59
5,27
11,20
13,9
14,49
20,24
20,63
20,37
24,33
25,55
3,56
6,21
7,26
9,22
10,57
11,23
13,55
18,4
26,59
3,63
4,11
4,42
7,28
16,21
18,50
19,62
21,7
21,23
21,47
21,53
23,17
23,31
23,37
24,44
24,13
6,28
7,27
11,30
12,47
15,2
15,58
19,2
21,20
24,1
24,58
1,39
7,2
8,46
10,6
11,21
13,43
14,6
15,51
18,61
18,46
19,3
21,5
24,29
26,39
26,55
6,40
7,37
11,25
11,52
16,43
17,29
18,47
19,25
20,2
21,18
22,18
23,0
23,1
23,32
24,9
25,3
25,19
25,62
26,16
2,15
3,21
4,5
6,42
6,51
9,33
10,20
18,56
19,9
19,23
20,15
21,6
21,16
22,10
24,3
1,15
1,5
2,0
4,39
6,17
8,7
8,35
9,56
9,37
13,23
15,53
16,26
17,42
17,55
20,52
21,37
23,5
4,58
6,22
7,25
10,15
13,13
13,58
14,23
15,4
18,6
20,26
21,31
23,29
25,15
1,31
6,23
6,52
6,35
6,15
6,63
8,59
11,46
12,7
12,32
13,1
14,62
16,27
18,13
19,31
20,17
22,63
23,8
23,58
24,24
24,42
24,31
26,20
26,6
26,8
2,7
3,27
4,38
6,7
6,45
7,22
7,7
7,32
9,46
9,48
10,48
10,3
13,54
14,14
17,39
18,31
19,8
19,15
19,50
19,10
21,19
23,52
26,15
3,8
8,28
8,60
10,55
11,26
14,7
15,15
15,35
17,47
17,63
17,59
18,12
24,2
4,53
5,39
5,24
6,49
6,34
7,20
8,58
9,35
10,50
10,11
12,4
15,10
17,8
17,16
18,28
18,15
19,29
19,37
20,42
22,51
24,55
24,63
24,15
24,47
25,34
26,32
2,61
4,47
4,3
4,6
7,63
9,58
9,20
9,36
11,14
11,27
13,25
13,39
13,6
14,61
14,63
15,17
16,11
16,29
21,11
22,23
24,35
26,21
1,23
4,43
5,60
6,24
7,18
8,0
9,49
9,59
10,21
10,2
11,13
12,29
13,27
14,51
14,52
15,39
17,12
18,22
20,12
20,39
20,61
22,59
23,28
23,2
26,40
1,2
3,22
3,52
4,57
4,56
6,62
6,12
7,14
7,1
7,19
7,39
7,61
8,32
9,7
9,54
12,34
13,2
13,5
13,56
14,13
16,12
16,31
16,57
17,56
18,5
18,33
21,63
22,12
24,7
25,42
1,30
1,54
2,16
3,44
3,2
3,49
4,19
5,9
8,31
8,2
8,29
11,32
14,4
15,27
16,14
16,2
17,1
18,41
19,27
19,5
20,8
20,20
20,30
22,48
23,49
25,36
26,5
26,34
1,14
3,5
6,10
6,1
7,62
7,42
8,14
8,21
9,31
11,19
11,39
12,54
12,9
14,27
15,19
15,7
16,33
17,54
17,5
18,20
19,20
19,40
20,58
21,15
22,40
22,22
22,41
22,15
23,38
24,38
25,20
25,11
25,29
26,10
26,42
3,37
3,51
4,45
4,44
6,5
7,10
7,48
7,21
8,56
8,47
8,50
8,9
9,51
10,18
12,2
14,58
15,14
15,9
15,50
15,56
16,36
16,51
18,57
18,23
19,52
21,60
22,38
22,16
22,53
22,30
25,60
1,63
1,18
2,30
4,27
5,16
7,56
7,30
7,17
7,58
8,10
8,16
9,50
10,26
11,28
15,5
15,33
16,56
16,63
16,39
17,60
18,26
18,37
18,42
19,19
19,53
19,51
19,46
20,25
20,5
21,34
22,14
22,26
23,27
23,39
24,49
25,2
25,43
26,53
26,30
1,19
1,7
2,9
3,47
4,9
4,22
4,18
4,17
5,14
5,21
5,20
5,4
6,61
8,20
8,34
8,18
10,36
10,63
10,56
10,54
11,44
11,10
11,57
12,6
12,15
13,51
13,18
13,41
14,50
14,1
15,59
15,44
16,59
17,19
17,21
18,24
18,29
18,51
19,14
20,1
21,57
22,52
22,46
23,44
25,13
25,41
26,25
26,60
1,42
3,41
3,16
3,30
3,13
5,0
5,43
6,18
7,60
8,22
8,15
8,38
9,1
9,25
9,43
9,57
10,52
10,46
10,0
10,43
11,31
11,63
11,11
11,3
11,38
12,27
12,12
12,44
12,46
13,21
13,19
14,41
14,42
14,25
17,4
17,31
17,0
17,32
18,39
19,34
20,21
20,23
20,22
21,40
22,28
22,29
23,18
23,63
23,6
25,46
25,56
25,14
26,13
26,63
26,3
26,36
1,27
1,41
1,52
1,53
2,31
2,46
4,40
4,30
4,16
4,4
5,58
5,31
5,36
5,26
6,0
6,60
6,43
7,52
7,54
7,59
7,3
8,36
8,17
8,61
9,60
9,15
9,24
9,52
9,61
9,2
10,4
10,5
10,29
10,53
10,39
10,14
10,58
11,12
11,1
11,54
12,43
12,17
12,26
12,55
12,25
13,62
13,57
13,16
13,59
13,20
14,3
14,9
14,34
14,36
15,54
16,25
17,34
17,14
17,20
18,3
19,59
19,45
19,57
19,18
20,55
20,40
20,0
20,54
21,38
21,14
21,24
21,54
21,39
22,24
23,40
23,56
23,24
23,57
24,37
25,12
25,59
26,54
26,46
