38,55
36,73
14,55
40,115
34,69
25,91
26,55
25,104
22,69
24,73
45,22
23,96
37,91
46,75
44,98
10,69
6,13
44,38
45,84
46,98
32,38
6,64
19,9
43,112
20,38
17,18
27,120
30,64
35,3
13,78
40,84
34,98
28,84
18,64
22,98
46,60
17,120
12,73
18,8
47,127
47,15
16,115
29,18
31,6
6,107
43,127
20,116
31,9
18,13
39,120
47,126
47,71
16,84
26,4
44,97
13,91
2,50
41,80
4,52
45,87
29,80
36,21
33,59
15,86
37,104
47,74
43,87
23,30
30,46
28,89
35,96
7,6
42,36
37,78
19,59
17,83
45,35
19,31
32,116
14,102
14,75
27,86
43,89
3,60
46,91
6,80
1,45
32,114
29,83
26,102
33,0
35,36
21,82
21,49
47,32
23,3
39,2
11,59
11,30
33,49
39,86
26,75
16,18
41,113
15,120
30,68
8,43
15,123
44,81
41,18
46,52
39,123
10,30
4,104
44,94
43,9
45,1
43,121
7,9
46,127
4,59
9,49
25,45
28,18
47,57
4,86
17,102
27,123
37,62
16,83
5,13
21,0
11,36
6,56
35,59
47,73
41,102
29,82
9,54
19,6
7,31
29,102
33,82
24,52
39,66
47,66
46,36
47,85
27,8
18,80
16,50
43,25
44,23
45,80
21,59
28,83
37,33
42,123
19,110
9,52
31,3
27,2
7,110
23,20
32,43
1,116
2,40
44,121
6,8
29,36
47,117
19,3
46,22
32,82
43,57
16,24
0,51
36,17
46,5
20,86
8,80
32,86
44,8
33,52
24,65
36,103
4,97
40,18
44,54
47,47
12,24
41,106
4,37
43,52
38,75
15,16
23,59
5,37
27,66
20,82
9,0
31,110
8,116
7,117
24,21
45,10
36,31
46,115
7,3
46,80
15,31
20,80
25,78
9,57
20,114
45,37
8,86
25,61
12,100
15,10
6,46
45,30
15,8
24,17
35,73
12,52
47,21
3,59
38,4
18,56
2,47
38,112
42,24
33,57
13,101
27,16
42,2
41,9
35,21
11,39
19,113
47,34
22,43
42,103
30,80
7,24
25,26
45,27
14,47
8,82
30,56
4,32
27,77
40,89
43,75
13,26
20,57
42,18
44,13
2,51
36,112
18,68
33,35
30,8
44,80
15,98
31,71
20,3
21,10
9,59
22,30
34,30
31,45
42,75
42,126
44,20
39,8
40,59
45,70
19,36
43,74
29,58
10,53
30,107
47,31
17,17
32,80
44,110
39,77
10,35
43,56
42,54
10,26
20,43
22,35
22,110
12,97
24,39
18,79
46,6
3,32
30,118
10,110
2,125
46,117
17,106
34,124
47,86
32,53
21,54
1,71
10,74
28,59
10,40
47,95
28,24
16,89
21,52
32,60
41,71
47,123
18,44
2,76
42,52
37,24
39,93
12,102
36,65
0,62
32,20
23,21
38,102
11,37
27,98
45,47
43,43
6,25
17,9
37,26
11,0
21,35
30,122
34,68
45,26
15,77
46,104
6,79
31,31
47,90
27,59
36,52
2,94
8,33
47,82
16,59
35,0
5,63
11,3
30,26
18,86
26,47
45,5
31,21
30,110
29,71
35,25
43,47
27,46
36,39
7,21
21,111
29,106
28,115
22,53
42,8
9,82
8,60
40,48
11,71
16,65
39,98
47,44
42,113
45,123
5,64
16,81
44,83
9,114
18,52
0,112
1,114
43,104
33,54
0,114
7,25
31,36
14,6
31,59
37,10
19,71
30,52
0,28
31,75
0,120
19,21
41,63
23,16
44,72
40,83
43,4
15,66
12,103
30,13
19,24
3,73
42,1
32,105
13,24
9,10
19,112
22,26
35,30
28,65
45,101
18,25
20,18
31,117
15,87
23,0
23,37
4,22
25,73
3,75
29,120
40,123
3,16
29,1
39,20
0,100
41,65
42,68
8,2
5,22
17,0
34,35
24,46
30,86
24,112
40,109
13,41
42,65
18,46
38,62
44,36
2,23
18,71
25,62
25,109
43,20
26,107
4,48
13,2
5,116
11,16
8,3
26,62
42,74
46,84
2,73
2,122
17,58
24,102
42,49
2,15
26,112
45,76
11,105
47,26
20,60
24,103
46,2
16,75
6,68
42,9
31,93
34,71
20,22
46,38
2,92
13,70
32,57
3,115
13,75
36,100
39,46
46,55
6,34
11,25
14,92
37,41
12,17
1,10
6,38
25,24
25,57
46,10
15,1
19,45
21,43
22,95
34,95
14,112
41,81
12,87
16,30
33,102
40,44
13,109
41,0
44,11
45,125
12,21
45,46
34,6
37,101
31,105
35,37
20,5
34,43
17,71
39,1
46,45
34,110
5,78
10,62
16,123
34,26
27,10
24,31
27,127
45,75
44,45
1,122
7,71
42,90
17,112
23,25
28,94
23,71
24,38
22,74
13,12
17,64
21,114
43,125
0,61
8,38
22,6
28,123
6,110
35,39
46,105
47,35
34,112
14,62
33,1
35,97
41,85
47,111
7,93
10,95
14,88
22,124
24,100
36,24
43,19
26,36
29,113
33,111
45,32
46,68
14,4
7,34
18,26
35,16
41,64
33,40
38,60
44,70
10,70
18,98
41,14
21,66
22,112
5,56
26,38
13,42
27,126
21,122
36,42
8,14
31,33
37,57
40,77
44,18
11,43
22,40
32,3
47,88
9,102
24,14
32,33
45,112
2,5
14,5
21,57
39,121
24,0
25,70
39,107
42,101
44,73
12,68
16,94
19,93
1,88
26,5
40,43
23,116
28,44
10,112
28,48
30,112
30,63
42,86
6,71
24,56
4,73
3,65
7,72
17,84
27,91
33,69
35,71
42,5
38,18
42,28
46,39
9,96
11,87
13,79
31,44
46,96
20,14
29,9
10,104
38,47
7,87
17,82
40,65
18,34
30,44
31,106
40,13
9,71
14,101
40,91
25,123
37,73
8,61
39,113
13,77
2,66
9,35
12,53
15,82
23,64
28,93
7,125
3,11
7,45
8,104
20,95
32,61
26,92
8,46
15,91
26,6
29,116
32,95
1,9
15,35
23,97
27,93
29,81
13,95
20,33
17,14
23,61
24,99
26,82
37,75
13,40
23,73
2,93
21,106
25,41
15,121
4,27
29,112
33,66
17,66
43,81
3,35
8,18
40,121
5,107
9,94
13,64
23,39
12,116
22,71
1,91
5,80
29,17
9,43
40,29
3,25
13,121
32,14
36,0
2,7
4,39
13,123
37,70
21,79
27,89
29,0
4,20
37,121
44,22
46,25
20,96
28,81
18,10
21,125
28,75
43,31
17,80
28,80
11,64
34,74
44,21
0,77
30,10
14,26
38,11
18,63
29,14
32,22
1,29
5,96
6,86
41,66
13,49
30,25
37,127
44,71
9,1
35,42
35,105
13,6
35,64
47,20
30,102
31,56
32,97
44,6
32,96
7,36
41,16
5,70
8,95
42,37
45,83
7,59
43,16
5,73
17,65
24,42
4,91
39,3
8,96
11,58
31,73
39,49
8,90
37,123
47,120
7,98
28,50
29,16
36,102
44,106
16,45
18,122
25,33
41,86
16,105
19,25
0,105
20,46
36,87
33,106
42,98
44,90
12,32
14,28
15,90
29,66
1,76
11,78
26,60
11,69
12,42
16,11
21,118
41,84
1,74
5,111
40,93
46,61
21,9
26,115
9,65
25,49
27,121
30,51
30,70
9,118
12,38
13,62
15,59
23,99
41,97
5,17
5,75
27,25
28,105
29,84
2,100
15,40
21,96
13,66
7,105
31,0
43,77
18,110
31,82
36,97
18,107
36,38
46,29
35,48
43,45
44,47
13,10
39,126
20,61
24,75
11,89
18,23
25,101
36,68
45,17
1,90
8,122
43,6
5,74
15,89
47,52
36,14
37,109
42,93
11,92
21,1
24,24
39,127
12,65
17,116
33,118
45,6
4,78
17,26
35,54
41,83
1,83
21,94
22,41
31,98
35,33
25,15
28,30
33,71
38,96
44,88
10,64
29,65
33,24
38,36
11,116
40,110
15,85
26,71
3,44
44,48
14,107
44,113
9,24
12,46
8,24
11,79
22,68
33,94
41,112
13,57
21,22
23,42
32,111
13,45
24,87
41,58
10,47
1,48
8,41
24,15
30,59
38,79
47,109
6,52
21,80
37,66
42,23
3,7
12,69
12,124
28,78
43,36
12,36
24,97
39,56
39,4
2,9
16,109
4,77
14,79
22,105
21,71
7,73
40,75
5,47
3,82
27,1
37,49
14,44
34,40
45,127
11,126
16,121
21,102
41,2
26,101
34,62
3,2
2,116
11,97
13,61
13,102
16,110
37,45
41,26
2,67
12,31
25,71
35,58
6,51
12,2
44,0
5,117
24,32
43,44
0,23
31,78
40,67
5,68
23,24
28,76
33,114
1,96
10,65
15,52
28,110
31,26
7,64
16,73
16,108
33,48
33,122
36,124
4,47
46,67
10,52
30,24
38,80
8,57
14,48
19,33
23,18
25,28
30,31
39,35
46,82
15,93
21,110
37,79
5,127
8,106
28,13
7,48
14,36
3,55
12,120
13,104
23,49
39,31
47,36
31,28
45,118
46,30
5,87
17,19
19,49
25,75
36,76
27,49
22,61
10,43
16,124
25,121
26,48
0,36
16,77
19,87
21,33
31,51
33,22
10,91
19,117
27,20
38,124
9,79
19,73
27,31
19,34
25,42
26,100
32,106
36,53
41,20
18,38
19,51
42,64
3,10
4,4
25,58
35,87
20,84
40,47
43,78
15,20
12,115
30,79
34,47
44,44
46,11
24,2
43,97
7,2
22,120
9,66
29,64
43,2
3,29
18,116
8,51
21,24
45,11
0,126
1,2
20,65
24,115
45,82
28,121
2,72
18,22
23,58
29,122
42,105
45,38
1,67
3,105
6,85
10,107
36,69
0,106
5,105
13,112
14,80
24,82
39,90
40,20
41,17
39,76
5,21
16,43
0,87
1,127
37,95
14,18
40,108
2,44
37,99
38,28
9,48
12,14
17,2
34,36
17,45
42,7
6,10
11,8
7,112
28,77
31,20
39,40
13,28
23,23
3,41
13,44
17,103
20,24
35,99
42,32
13,36
15,2
23,92
26,18
0,125
20,90
22,104
46,44
14,82
19,105
35,8
4,120
22,109
38,87
42,102
0,12
0,93
7,0
8,15
21,2
27,40
1,119
2,90
22,47
38,34
4,10
6,23
10,73
19,125
23,105
32,46
34,120
41,122
9,32
37,102
9,77
28,21
29,55
29,92
10,83
3,62
28,109
30,116
30,127
18,97
23,33
34,103
37,2
8,36
2,117
2,0
22,52
23,54
33,99
36,120
24,53
33,79
40,80
20,41
46,124
16,98
2,118
1,68
16,102
1,58
10,41
26,73
41,15
45,12
0,21
11,61
16,20
20,94
44,37
1,75
19,26
40,23
13,98
33,43
47,121
40,45
2,119
4,11
6,88
14,16
27,82
28,20
28,42
41,69
9,91
16,51
21,98
30,23
41,90
20,105
22,65
24,127
40,21
43,88
10,109
25,6
28,43
38,71
11,33
19,48
29,26
35,55
42,21
12,107
28,23
31,24
44,53
0,75
14,33
34,109
37,112
42,125
2,4
19,98
42,92
11,26
11,96
33,96
38,58
38,81
8,28
26,44
17,36
20,104
20,121
45,63
7,26
20,97
25,92
30,22
35,18
38,115
22,55
34,21
34,104
43,12
1,123
29,2
4,102
33,125
37,12
40,68
3,78
45,94
11,47
45,24
1,86
14,34
16,80
31,48
34,41
21,69
27,0
1,115
34,55
26,26
30,126
39,89
43,86
30,105
14,38
5,48
15,3
40,51
11,107
14,99
35,126
2,14
2,64
27,32
2,49
18,105
19,75
24,116
26,99
41,92
0,67
3,37
14,95
20,44
21,40
7,51
11,67
41,35
19,62
26,17
45,103
22,16
27,70
41,49
4,79
5,54
33,32
33,41
39,60
1,61
7,20
14,115
28,108
38,39
10,120
40,7
16,13
38,82
42,16
15,60
23,55
27,113
4,84
19,94
29,45
7,49
12,76
27,3
32,41
34,64
41,45
0,91
8,109
1,4
1,107
8,20
24,9
38,101
1,70
22,90
35,13
39,62
11,13
10,57
22,64
25,2
31,62
12,95
20,122
26,22
35,14
4,62
12,82
17,15
5,125
10,85
16,78
28,11
44,62
2,88
11,115
14,10
24,50
29,85
33,10
35,107
11,55
37,44
0,50
5,119
43,37
2,84
25,112
47,27
9,127
32,24
32,104
5,126
8,7
15,32
21,48
30,38
47,1
8,119
15,23
44,27
0,103
1,94
17,81
39,23
44,91
46,23
6,100
7,78
23,36
47,114
2,126
7,28
26,110
32,94
33,72
0,69
22,73
38,120
1,3
1,99
37,113
39,51
40,6
9,72
17,69
36,46
44,69
33,33
6,70
0,72
3,106
20,106
35,92
11,73
25,66
34,52
2,95
10,18
27,35
5,115
40,15
40,76
3,38
25,102
3,120
22,62
23,43
42,55
42,124
46,1
0,110
10,32
12,85
13,55
19,7
31,25
4,111
9,113
25,82
26,80
34,65
35,47
12,56
39,10
23,107
31,112
32,44
36,29
37,55
43,110
44,122
14,58
18,103
24,119
33,68
10,71
16,8
19,20
32,36
0,111
3,98
10,14
16,6
43,49
0,124
12,99
28,29
38,105
1,15
25,12
30,85
32,122
34,83
41,52
43,80
5,59
7,50
22,85
23,125
7,7
18,19
8,5
4,60
18,70
26,28
1,8
2,123
3,6
3,64
8,111
16,114
11,94
19,0
24,64
39,87
3,77
22,70
37,42
4,18
18,51
31,34
36,67
2,82
8,27
29,86
47,97
3,46
9,9
9,33
14,22
14,96
18,75
29,68
30,97
34,85
37,90
17,23
43,120
6,26
9,110
26,95
6,31
17,99
29,23
32,93
4,119
18,100
22,36
24,120
33,80
34,17
5,122
23,126
16,29
26,64
0,31
2,46
5,33
8,94
15,49
16,23
20,72
39,52
43,107
0,29
2,68
11,99
12,26
38,84
7,95
11,103
15,94
19,101
28,102
38,22
42,73
4,116
14,105
15,115
21,65
23,26
26,8
37,65
20,111
5,45
27,56
36,127
40,81
12,118
17,124
27,101
3,53
5,34
5,82
30,100
34,90
37,98
41,54
17,85
36,85
38,88
32,2
9,51
15,25
16,76
28,68
4,76
6,48
37,83
18,24
38,100
20,2
33,81
5,102
31,94
3,94
10,16
25,120
38,95
29,21
18,127
26,86
12,9
15,46
29,15
35,26
38,107
41,23
5,12
6,102
40,105
6,59
13,113
21,97
32,65
4,63
5,30
18,31
41,48
4,113
6,55
16,7
46,3
0,2
16,21
27,87
1,16
26,58
41,21
7,109
10,61
23,7
29,63
9,106
17,20
20,101
6,103
21,81
8,44
10,98
13,83
4,115
12,18
33,2
2,87
4,83
36,75
41,31
41,103
2,30
26,79
0,3
6,105
9,42
14,20
16,68
19,64
21,50
42,59
9,103
10,51
18,59
28,51
32,121
44,99
27,115
47,11
3,20
8,6
11,82
23,8
36,82
38,26
10,3
13,15
18,85
22,56
24,79
35,69
4,105
17,63
18,102
26,34
5,10
5,26
9,98
28,35
39,95
30,75
32,34
35,23
1,78
24,69
24,96
43,73
9,126
23,87
35,116
10,123
17,113
19,106
25,79
0,64
23,103
31,49
32,101
39,41
14,84
23,94
39,115
0,65
1,34
15,34
24,107
24,118
28,73
34,73
9,97
35,79
45,20
0,95
3,76
13,82
6,122
22,91
33,127
36,118
40,78
44,28
12,64
12,127
15,55
22,18
28,114
34,57
10,101
31,116
17,97
29,35
44,3
40,31
21,13
1,14
7,5
9,122
12,15
16,40
32,7
34,14
6,98
26,33
33,36
10,80
12,0
39,47
45,53
5,42
15,51
34,70
4,69
4,85
26,23
27,76
44,55
17,39
26,1
34,111
3,91
11,48
29,20
34,105
37,92
39,6
9,45
27,85
29,97
42,22
24,68
25,81
3,93
8,84
17,16
22,58
40,120
9,22
17,92
21,103
31,125
6,126
11,49
13,71
15,80
25,127
39,59
3,124
5,108
11,29
14,90
31,14
2,8
3,70
3,84
21,78
34,78
40,50
10,97
12,67
16,15
27,55
43,40
1,77
13,16
20,66
21,99
42,25
4,5
12,79
20,28
27,23
27,125
35,115
9,41
13,73
26,88
36,115
19,72
20,15
28,45
30,66
35,43
2,25
5,61
14,110
26,15
26,124
29,8
34,16
25,106
33,98
36,26
20,36
20,53
24,124
37,81
38,66
46,51
47,62
4,87
10,105
13,80
33,65
0,73
14,37
28,15
33,7
40,119
41,36
25,36
27,62
32,28
36,99
3,26
4,40
25,95
28,103
30,5
30,34
2,38
11,50
27,34
43,8
3,12
4,25
7,35
28,6
28,124
37,6
38,86
28,67
37,82
26,16
43,41
6,0
25,90
31,5
38,10
46,97
3,123
13,81
22,82
24,67
24,76
23,68
5,51
5,99
20,20
11,20
23,89
27,43
39,34
42,30
26,105
42,29
4,92
9,105
16,119
29,19
33,47
37,48
0,86
1,7
10,13
27,90
41,61
27,52
33,50
35,125
36,32
41,8
3,90
14,8
15,76
27,94
18,126
22,14
27,41
4,56
19,28
36,107
21,32
37,80
44,32
22,57
30,71
36,71
2,53
12,75
24,29
36,56
38,16
9,80
37,36
38,38
39,25
42,31
25,77
46,19
3,61
5,66
12,8
12,126
34,91
45,29
7,85
14,57
24,23
3,121
14,23
0,63
9,68
39,54
11,21
33,121
38,6
3,92
17,8
45,2
45,54
3,97
10,124
13,124
17,88
34,56
38,1
39,100
2,69
5,8
11,18
12,119
14,60
25,40
4,93
6,97
17,41
19,66
32,66
45,104
0,34
17,72
27,51
32,63
40,55
17,42
21,7
45,56
45,105
1,23
6,9
6,37
41,46
45,119
12,105
14,117
24,85
36,79
40,114
0,98
29,52
33,110
8,13
11,54
37,5
0,71
0,81
17,1
18,12
8,39
13,0
33,103
14,64
20,91
28,8
36,2
45,14
4,34
8,105
41,115
46,8
7,62
1,6
10,90
31,66
38,73
38,99
2,1
6,19
13,106
17,54
25,80
38,117
2,99
13,58
14,81
18,81
28,91
35,109
41,82
43,84
47,115
0,83
14,7
26,120
28,57
32,15
42,44
11,68
14,3
20,119
35,78
43,42
32,16
35,50
2,28
7,94
4,29
4,67
17,35
19,82
31,92
36,23
7,33
12,80
20,7
20,45
36,25
41,70
12,58
14,1
21,41
21,126
40,102
10,10
13,33
15,70
17,86
33,97
9,85
22,111
3,54
6,44
10,82
34,3
2,24
34,23
3,40
15,95
15,56
34,107
35,68
40,124
2,121
3,4
35,24
35,89
40,17
47,124
24,89
4,106
5,49
8,66
28,119
36,10
39,94
47,16
1,60
5,35
21,72
23,13
33,126
36,58
8,37
11,98
18,54
21,77
1,28
6,63
8,34
39,91
42,3
46,76
2,54
4,126
5,86
7,66
11,101
19,78
20,6
24,95
7,106
26,76
36,116
39,43
0,82
1,18
8,4
29,103
34,18
40,94
9,112
22,17
40,8
10,21
15,101
25,55
11,86
15,41
6,127
15,100
31,104
7,4
26,37
26,7
38,64
0,30
31,64
1,105
4,35
15,37
17,68
29,88
37,0
11,122
18,55
31,118
39,85
47,108
14,17
14,45
21,127
24,26
25,0
32,27
39,70
24,27
39,125
0,56
3,112
10,5
13,21
13,39
14,31
34,82
41,19
23,22
1,111
13,65
23,48
8,121
12,10
12,50
21,25
26,96
27,60
30,103
3,31
10,45
22,23
28,98
37,120
6,75
25,113
2,120
16,117
36,119
0,17
9,36
35,103
1,118
15,0
27,37
30,74
25,44
29,99
32,18
36,126
0,97
4,36
22,107
3,3
3,39
20,51
22,21
25,10
32,4
36,64
0,107
39,78
27,47
38,44
2,10
10,111
12,22
12,61
36,50
37,124
19,104
24,10
33,113
8,99
15,125
46,34
46,123
26,20
37,61
42,115
8,91
17,52
38,8
5,18
11,34
38,123
46,118
5,90
30,87
33,78
41,53
6,83
10,113
31,2
6,57
22,78
42,39
0,116
1,46
5,94
17,53
0,53
9,78
10,55
13,47
33,9
23,69
11,125
4,23
39,55
9,89
28,7
9,7
16,67
41,117
42,47
47,14
10,86
16,120
21,68
23,50
29,54
29,69
2,60
5,67
8,114
14,124
32,109
33,29
38,122
0,68
2,115
6,118
7,104
8,31
33,42
9,25
19,2
7,60
12,63
45,48
37,21
41,55
3,79
7,113
10,108
19,44
22,50
37,58
43,54
6,42
22,19
24,25
30,12
38,111
46,74
2,127
17,29
23,115
31,32
42,70
2,59
3,110
6,14
8,93
22,103
4,0
7,124
11,111
40,30
1,63
23,79
30,83
19,4
38,17
13,59
26,117
34,94
35,94
14,76
17,122
31,90
38,92
38,48
18,0
26,90
28,26
47,23
6,47
19,85
26,32
32,119
37,39
39,80
39,97
40,126
4,96
5,57
33,13
15,113
19,79
20,4
21,121
35,61
41,108
6,22
16,55
8,35
16,122
19,5
43,105
4,118
6,39
6,115
8,72
14,15
18,7
18,39
36,96
46,81
3,85
17,55
20,16
23,60
28,120
45,45
2,26
28,31
36,92
47,98
6,28
7,116
17,61
36,94
38,15
3,57
19,95
20,93
23,29
41,126
2,41
3,5
4,21
10,0
11,24
12,62
35,49
1,62
35,29
0,27
5,88
10,50
17,25
46,86
2,65
33,74
7,103
12,25
21,36
0,104
1,53
27,17
41,124
21,85
33,85
0,33
9,121
16,57
27,6
33,77
1,38
1,93
4,44
8,97
18,28
31,63
37,118
1,113
12,89
22,97
35,74
9,2
9,117
23,82
43,29
0,0
4,98
12,39
17,117
17,121
19,116
39,82
0,127
2,45
2,91
15,69
27,95
32,5
42,48
3,1
5,5
19,32
40,11
41,67
9,26
23,4
9,62
16,26
31,30
0,45
10,119
16,9
29,42
1,124
7,120
22,10
31,101
34,9
35,90
0,122
2,70
33,31
39,101
40,40
26,57
29,53
9,111
10,94
41,41
0,118
7,14
3,101
8,127
39,9
11,42
46,26
6,35
19,88
35,56
40,42
38,110
26,66
30,113
36,27
22,94
30,54
32,6
36,15
39,37
42,38
1,120
4,51
17,77
21,89
25,64
42,45
1,39
1,85
18,57
36,81
45,85
0,41
0,57
11,109
15,43
22,101
25,48
12,27
33,76
37,93
0,80
9,99
17,126
19,14
22,13
25,98
25,124
6,69
19,89
31,69
42,27
41,121
10,2
1,108
14,68
29,121
33,25
37,15
15,19
27,100
17,70
35,7
35,63
41,98
42,114
3,33
4,9
41,42
1,26
16,93
31,103
32,120
34,101
36,80
43,65
28,39
8,16
14,111
23,14
23,47
24,58
25,83
30,0
34,33
35,67
23,74
34,125
36,9
41,11
21,87
30,28
39,7
14,100
9,81
32,31
34,123
15,6
17,50
21,42
22,108
34,45
35,98
43,90
20,27
27,69
6,5
9,50
28,9
36,86
38,12
23,101
29,100
31,4
1,13
12,96
22,5
22,25
27,84
34,108
36,36
45,44
10,58
29,6
32,67
32,84
34,117
35,81
9,40
10,103
20,63
28,97
30,81
44,51
38,63
8,65
10,117
11,60
17,21
21,113
24,86
28,85
8,63
16,35
23,56
26,10
33,112
5,50
14,39
30,7
32,32
23,86
29,29
43,34
9,29
20,37
24,30
26,84
7,118
9,74
18,9
22,80
27,4
28,117
31,79
7,22
15,47
16,31
40,24
13,120
23,90
34,61
3,47
39,13
45,111
0,101
0,119
6,7
24,126
29,77
30,4
38,106
16,101
21,74
26,81
33,89
45,15
5,71
8,103
24,61
34,2
42,35
11,56
25,65
28,127
42,14
46,33
11,81
12,112
19,120
29,41
35,106
41,110
44,31
45,18
14,122
34,31
38,118
47,6
22,31
25,47
28,47
4,75
8,64
35,86
29,126
32,37
34,106
35,34
35,52
37,8
40,100
9,70
22,32
38,20
24,36
29,61
32,91
45,95
8,120
9,76
15,4
21,45
26,45
3,116
5,95
38,37
44,123
4,108
19,41
38,57
40,111
47,105
0,54
0,66
5,97
19,118
31,7
41,77
2,16
5,0
5,85
37,28
45,92
0,76
30,67
4,1
5,24
39,16
42,40
45,86
23,63
30,19
30,69
43,26
46,9
7,55
20,64
47,58
1,41
9,125
27,54
25,39
33,62
47,54
1,80
5,103
6,96
7,39
18,88
23,34
32,17
34,58
4,58
12,74
20,99
29,31
34,97
14,32
18,48
21,105
33,105
45,42
0,47
37,18
41,6
1,109
24,35
32,89
39,103
13,8
13,90
18,69
22,3
30,78
34,50
34,113
35,20
37,76
22,123
2,77
5,43
6,116
12,30
17,22
28,99
9,104
15,54
29,25
44,16
5,76
25,8
33,45
36,95
41,72
8,55
16,60
21,76
39,61
6,27
31,120
15,38
15,17
30,115
41,88
43,58
45,114
0,7
1,19
13,127
19,30
30,98
38,32
40,79
47,77
5,55
18,87
46,32
5,92
6,30
16,19
16,127
1,104
2,3
33,87
34,86
47,60
7,86
13,92
32,8
45,36
46,83
0,26
11,63
20,103
21,29
40,5
5,41
42,80
15,62
17,6
18,66
20,124
22,45
22,119
43,71
28,79
30,45
34,27
36,89
36,104
40,35
9,87
15,114
30,32
6,113
37,16
37,40
46,101
4,74
18,14
24,81
31,113
35,9
39,69
41,29
7,30
40,73
42,77
43,83
43,100
5,1
15,102
33,100
16,85
27,97
3,72
8,8
10,68
15,84
18,30
19,115
35,46
46,119
3,9
13,5
20,34
32,103
7,43
7,79
23,46
38,3
38,45
1,50
10,23
20,31
31,23
36,41
41,39
43,126
44,116
0,78
11,90
29,39
30,55
37,110
15,78
23,78
43,82
35,57
2,52
13,29
22,86
23,122
29,48
29,79
42,76
6,101
13,1
15,26
15,50
26,31
31,115
4,28
15,9
16,79
20,109
26,39
34,119
38,33
40,127
16,103
18,5
19,35
24,43
29,22
40,99
44,107
7,75
10,39
23,98
26,3
36,72
0,18
22,49
25,18
39,83
10,99
18,101
19,81
19,109
31,100
44,92
12,43
18,67
20,35
40,57
42,66
44,125
8,89
11,74
8,1
11,46
26,53
44,127
21,117
31,39
46,54
2,58
22,20
40,9
47,5
7,8
14,61
18,58
20,69
37,94
39,114
43,30
8,45
11,1
30,39
32,56
37,23
44,29
13,32
20,67
28,40
46,114
9,17
18,37
35,82
38,41
41,1
14,69
27,9
39,0
11,51
47,50
9,75
17,31
29,72
29,98
31,72
47,53
37,52
37,89
7,81
18,112
34,13
44,14
14,12
34,76
34,80
7,67
25,59
34,49
1,98
14,53
33,93
36,8
43,85
3,24
4,30
5,16
10,20
28,55
29,46
40,54
3,99
4,124
13,52
32,90
37,107
44,42
6,67
26,69
31,1
14,87
37,63
37,115
7,100
29,50
32,55
11,9
24,22
28,16
40,60
5,58
22,83
34,0
35,5
2,62
5,109
6,104
14,49
38,23
38,61
2,6
4,33
6,81
27,80
19,100
20,55
26,108
26,123
34,37
0,96
1,52
6,24
8,102
32,69
40,12
4,38
6,45
9,13
11,53
18,42
32,35
46,85
1,64
3,34
20,39
21,23
26,85
32,64
37,20
42,6
0,13
47,78
47,87
3,102
8,101
9,93
10,28
17,43
5,36
7,82
10,88
19,8
37,9
39,32
16,99
23,1
40,16
4,125
10,49
18,115
24,80
29,117
36,61
37,32
7,90
30,21
31,68
0,11
1,106
15,110
19,39
42,20
21,62
32,51
4,57
9,30
10,17
21,31
24,123
25,118
31,88
34,20
3,89
10,25
14,86
24,41
33,30
34,10
41,68
8,81
30,37
0,16
11,100
12,7
12,41
20,120
23,106
41,116
12,60
26,122
3,50
4,70
12,101
17,30
19,50
32,21
34,25
0,22
6,12
12,81
21,93
35,60
37,47
10,125
29,62
30,96
41,120
8,67
21,112
38,68
3,104
4,50
20,17
24,63
31,85
33,16
37,106
38,49
17,62
28,101
35,22
45,52
27,114
28,100
46,103
17,105
22,9
43,46
16,27
21,30
27,61
20,32
23,109
2,34
3,111
21,84
21,100
34,32
44,39
10,76
23,67
31,55
0,40
8,74
14,120
13,23
26,11
1,110
10,33
11,124
22,27
28,60
30,27
40,101
1,12
4,64
7,10
8,53
37,29
37,77
13,76
16,39
17,48
31,89
0,32
16,91
29,70
30,57
0,102
6,99
15,72
17,123
21,51
22,0
23,81
31,124
8,117
22,117
41,43
42,41
45,99
13,9
36,35
38,69
2,96
32,47
46,14
6,66
7,69
14,108
19,103
21,47
40,103
46,4
0,6
1,117
3,28
10,106
28,19
30,88
32,39
16,100
17,49
18,113
29,73
47,46
1,89
3,56
7,11
26,63
30,14
14,93
25,21
38,90
3,119
36,105
0,44
15,61
23,80
27,81
29,108
31,35
32,77
15,126
19,124
27,122
36,43
42,119
9,5
12,23
16,48
25,16
38,76
40,0
1,95
8,47
10,1
18,45
19,92
40,85
3,21
6,4
16,5
12,123
24,105
42,69
4,16
7,89
20,56
34,127
42,50
43,18
46,27
2,124
5,121
9,19
15,11
20,8
20,127
36,62
40,125
43,96
7,44
15,7
31,95
32,110
33,17
18,89
24,71
30,35
4,15
4,99
6,32
8,22
36,30
39,92
46,50
46,69
1,20
5,123
12,12
12,51
30,89
41,25
45,23
17,98
28,14
0,43
5,2
7,63
15,13
19,1
25,19
41,100
13,115
17,100
20,89
27,78
28,111
7,92
16,14
42,56
42,71
45,58
45,88
8,50
9,69
10,36
13,107
15,74
18,47
20,74
38,14
41,32
47,116
14,71
23,5
29,118
39,28
47,42
21,17
23,9
28,126
39,106
6,54
22,2
24,62
35,122
42,58
5,81
16,111
12,72
18,50
26,14
42,99
15,97
15,127
34,4
38,7
5,100
12,114
15,83
15,106
42,112
8,69
22,76
37,71
16,126
17,79
22,113
28,5
34,88
35,111
38,46
39,29
7,18
8,32
31,81
33,117
18,4
25,5
32,50
32,99
47,107
7,88
7,122
18,32
40,117
2,112
14,41
16,34
23,100
24,101
27,7
34,5
35,101
41,62
17,90
29,57
47,92
18,40
19,18
21,60
35,4
39,17
6,40
9,31
14,13
15,107
33,23
35,114
46,106
8,73
10,37
17,78
18,96
36,63
41,79
6,125
12,86
14,85
22,28
29,11
31,22
31,67
32,49
7,19
12,35
18,78
18,83
22,88
26,68
30,101
35,95
39,48
16,33
18,27
18,125
19,43
23,31
27,110
47,39
2,103
11,80
16,4
25,107
35,1
46,43
0,92
7,57
10,4
17,46
31,8
38,85
10,27
13,11
32,9
32,100
4,3
8,87
9,61
14,109
0,70
3,127
6,91
13,67
38,67
0,38
44,64
7,53
19,22
20,77
27,19
31,87
34,19
2,89
26,74
4,81
28,82
29,30
31,77
46,7
16,58
19,69
22,4
37,100
42,60
6,74
22,29
29,115
43,66
43,67
47,17
8,42
18,35
20,117
39,112
3,17
43,122
45,51
21,16
22,106
32,117
39,81
46,0
47,4
1,30
13,25
16,0
18,108
19,60
39,74
2,48
25,68
32,58
31,58
43,68
4,80
8,30
9,23
16,16
23,111
29,32
0,14
8,21
11,95
22,125
10,29
26,41
27,58
27,106
29,90
32,74
32,88
0,48
2,75
11,5
19,67
25,32
32,45
10,78
13,68
17,109
20,47
20,100
20,110
30,3
46,94
2,111
3,88
5,31
13,118
17,11
25,115
27,13
19,19
25,23
37,3
0,109
2,39
8,29
10,31
11,57
15,103
16,44
28,0
42,81
45,77
19,90
27,83
30,40
41,57
0,99
5,39
8,56
18,3
23,57
29,49
30,9
40,38
42,106
44,77
1,25
27,102
29,67
34,126
35,93
42,4
2,86
8,126
9,100
5,28
11,102
24,8
26,61
4,109
6,108
15,122
41,99
1,11
1,44
3,122
6,76
25,9
32,30
37,67
6,50
6,87
7,27
19,11
31,91
12,4
30,125
33,37
22,37
24,74
26,87
5,40
25,76
26,67
26,106
28,28
37,54
46,122
14,29
28,122
47,125
13,89
19,58
19,68
23,32
26,111
47,25
7,41
26,49
43,94
9,116
25,94
36,114
46,40
13,119
35,51
35,53
43,72
46,111
34,51
38,31
0,35
8,49
11,7
12,94
15,36
16,32
24,18
29,124
42,17
0,24
13,94
18,74
20,1
31,86
43,114
24,72
27,74
30,42
30,58
43,70
46,71
19,23
22,33
27,11
28,34
46,31
0,84
3,103
11,85
16,97
25,52
30,82
30,109
31,96
42,117
43,38
12,78
24,5
30,48
45,89
0,88
24,6
28,58
31,18
36,5
38,125
7,58
25,29
37,103
16,113
45,108
11,41
15,18
15,81
18,111
23,114
35,88
47,63
8,10
10,8
21,12
34,28
40,58
41,30
0,42
1,66
7,96
14,19
19,57
19,63
23,95
28,4
31,11
31,43
37,96
4,2
8,77
11,12
24,94
30,17
32,127
40,26
3,86
17,32
18,21
19,96
29,110
31,38
35,85
42,108
11,14
11,114
17,115
18,61
19,55
20,49
25,103
27,72
31,57
33,104
39,71
44,5
0,59
9,3
13,96
17,57
30,114
3,8
20,102
31,60
13,122
45,16
9,27
13,85
21,91
24,51
25,89
30,91
41,50
8,88
14,24
25,67
25,122
33,12
2,2
16,12
27,107
28,46
0,52
1,126
7,32
7,68
9,37
24,34
32,98
35,80
36,123
1,49
3,51
12,90
27,42
46,77
7,115
13,43
21,37
37,68
46,102
7,61
22,39
30,50
35,100
40,4
42,116
43,51
47,122
0,25
39,19
43,111
45,81
5,77
8,25
12,34
16,47
19,12
20,50
25,99
26,109
32,72
36,60
47,2
0,4
1,100
2,79
3,13
39,116
1,37
17,108
22,99
23,52
32,1
23,51
31,27
32,126
36,111
47,101
18,109
19,13
33,5
33,60
37,27
39,84
1,92
15,112
26,13
27,48
31,50
45,74
0,121
20,70
23,88
38,53
0,49
1,31
4,6
15,42
16,46
16,69
24,111
29,43
29,75
32,70
37,25
42,12
3,48
17,34
6,21
6,41
9,15
20,30
31,109
47,33
1,1
4,101
16,42
19,123
27,26
3,108
7,56
7,91
22,63
24,7
24,113
30,99
35,102
40,82
0,117
16,64
32,73
44,58
8,85
24,114
32,42
43,91
36,101
3,113
6,58
23,53
14,25
20,21
45,71
47,3
5,112
12,44
21,5
36,90
39,45
3,19
3,49
11,84
18,114
26,12
31,17
42,43
5,53
13,3
18,99
34,63
39,38
7,23
8,58
12,29
14,11
25,96
33,26
39,36
3,23
20,42
21,19
46,116
15,27
16,17
38,13
45,66
2,104
5,23
12,91
28,69
36,51
43,27
2,27
6,123
18,91
19,91
22,51
24,90
30,30
30,61
35,112
9,38
9,64
13,48
36,74
41,73
5,106
10,7
15,53
7,17
13,14
44,25
9,12
11,22
15,116
39,33
43,5
3,109
4,121
8,83
11,28
12,92
22,22
28,37
45,4
5,25
7,13
8,100
11,45
15,48
16,37
25,3
29,111
44,79
4,7
14,121
25,93
26,30
34,122
44,41
11,106
11,112
13,50
24,60
28,12
31,12
33,6
39,72
44,15
0,58
11,70
19,10
37,64
5,114
31,53
38,98
1,84
6,109
17,67
31,47
40,19
40,37
8,98
20,81
28,64
35,70
0,37
1,42
1,65
4,46
8,70
9,83
10,72
19,86
35,65
38,108
15,117
16,54
17,60
21,104
33,91
45,0
45,50
1,73
2,57
14,77
16,106
28,106
33,3
41,34
44,9
15,28
27,53
34,29
38,5
2,107
9,11
11,62
20,87
20,126
21,26
23,85
32,87
21,27
26,118
36,12
36,55
41,7
19,29
27,28
44,104
0,79
17,59
22,92
3,36
5,38
17,93
21,6
33,38
37,43
44,46
1,103
19,47
24,12
33,61
36,98
44,57
1,33
1,87
3,42
12,6
19,38
27,92
27,116
34,92
1,57
3,80
9,21
12,28
13,20
18,17
19,77
41,5
43,115
47,59
23,102
28,27
30,90
34,99
39,26
1,125
12,57
19,53
20,58
3,74
11,93
37,117
38,25
39,122
4,19
27,36
27,50
30,20
32,25
32,124
40,90
2,71
3,118
12,117
16,28
18,65
18,90
23,112
25,14
30,72
31,13
41,10
44,59
3,117
3,125
25,27
35,28
43,69
3,67
5,84
22,75
33,86
34,15
37,46
3,81
12,5
28,113
3,18
6,61
7,16
10,22
14,106
20,88
25,54
26,2
31,10
33,51
40,61
41,22
1,101
10,100
22,1
25,1
33,84
36,7
42,111
4,12
10,63
19,17
20,25
34,75
44,89
4,123
7,101
8,110
10,6
29,60
36,4
44,33
6,114
23,12
44,60
1,35
11,88
20,98
23,45
31,41
31,107
39,53
4,94
12,20
14,14
16,90
20,13
29,34
29,109
35,12
40,112
45,60
15,33
17,5
27,75
5,83
10,54
27,103
28,33
32,81
39,30
47,55
13,31
19,27
44,102
1,81
6,53
10,102
13,19
17,104
23,84
24,92
33,92
2,85
6,111
9,86
10,15
12,49
28,52
40,63
5,27
21,75
27,29
32,123
34,22
37,11
40,97
41,44
1,121
3,95
23,93
25,110
26,104
45,107
0,123
10,122
18,119
22,126
26,24
27,33
28,32
1,59
3,126
11,10
14,2
20,73
25,43
29,105
32,102
39,11
42,85
16,52
40,64
46,16
47,102
11,110
12,98
15,71
16,125
24,4
24,98
28,125
33,75
41,105
45,8
6,89
8,17
12,71
14,40
18,33
33,55
35,72
4,31
13,27
33,27
41,93
1,27
13,46
29,78
39,110
5,9
5,62
6,62
8,62
15,29
21,86
22,122
39,5
40,28
0,113
3,87
5,19
8,123
9,39
11,31
15,64
19,61
7,1
15,92
25,63
35,41
35,45
36,117
40,39
42,33
5,7
7,107
5,93
14,0
25,100
30,119
39,42
3,71
8,79
10,116
33,116
37,119
11,32
14,74
27,14
36,22
39,96
40,106
1,97
35,113
39,75
44,40
2,36
9,60
14,118
30,33
38,104
46,17
0,8
2,74
13,110
15,5
25,117
28,62
33,83
36,6
45,7
9,84
21,3
47,8
0,108
3,0
4,127
9,6
17,118
19,56
6,90
6,94
10,79
15,14
25,119
26,50
38,0
46,126
1,47
10,92
16,38
25,11
43,0
1,43
6,119
9,90
10,126
34,39
47,80
6,78
18,104
21,70
24,104
26,93
32,13
1,22
4,26
15,58
20,9
32,78
38,40
42,34
10,59
23,41
29,123
21,55
33,90
43,53
0,74
12,121
13,100
14,67
17,110
26,121
36,44
42,84
1,40
1,72
11,127
18,41
25,35
27,18
27,27
29,93
13,103
37,31
40,52
43,102
10,81
11,113
13,35
36,18
38,50
44,67
9,58
13,18
24,44
36,34
5,52
5,72
17,47
21,116
26,0
27,112
31,123
4,117
19,122
25,25
26,19
37,1
39,14
43,11
44,68
4,82
7,102
8,19
26,40
28,90
37,122
39,102
45,93
1,32
3,58
23,2
34,7
11,65
14,50
27,71
27,96
38,109
43,99
14,113
18,72
25,46
28,38
38,2
46,107
15,73
44,49
45,115
13,4
15,104
20,85
21,92
25,85
30,104
43,50
47,0
10,121
21,83
34,79
37,35
39,104
44,17
4,90
6,18
15,96
21,15
21,64
25,125
26,77
37,19
38,24
2,31
2,35
7,38
15,30
24,91
26,25
27,104
28,54
29,47
31,108
33,15
12,125
24,28
34,72
2,29
5,104
13,7
13,84
24,78
37,59
38,121
46,47
24,108
38,65
47,112
8,125
11,52
19,107
19,126
30,123
0,85
21,61
35,124
3,43
18,94
31,19
35,31
36,33
25,20
32,68
37,14
40,122
7,77
11,76
14,51
23,72
25,13
26,27
26,98
31,29
7,108
14,123
19,108
22,15
25,31
33,56
47,110
6,72
17,89
26,56
27,45
35,32
6,17
14,125
21,90
9,44
12,111
17,73
32,83
37,125
41,59
44,118
24,117
32,79
35,84
39,27
5,98
13,125
15,63
21,38
33,53
34,96
1,54
9,92
10,75
21,58
31,83
37,4
43,10
1,21
3,22
9,95
13,34
18,62
32,62
41,87
16,36
25,22
34,53
36,47
45,65
47,79
1,24
14,9
15,21
18,82
23,19
26,51
40,36
44,1
5,11
12,84
14,27
27,21
27,73
12,33
23,28
1,69
13,93
14,94
17,111
21,95
27,30
36,121
37,7
44,56
44,84
0,46
1,112
2,22
5,65
8,26
16,82
20,123
23,70
23,113
38,56
43,59
7,70
10,127
21,73
22,79
27,5
47,38
7,12
8,59
29,5
29,87
30,47
38,74
44,105
47,37
3,66
4,88
14,104
17,87
18,84
45,19
20,108
33,58
41,91
42,109
2,98
3,27
7,29
7,47
10,96
12,104
17,44
22,96
23,124
47,9
5,110
9,101
25,105
5,79
30,62
36,88
33,95
40,107
6,3
14,30
33,70
38,51
42,61
47,48
10,84
30,92
38,29
43,61
45,13
45,117
47,18
0,89
1,17
13,13
16,74
19,16
23,65
30,6
36,20
44,111
11,19
35,62
4,13
6,20
13,97
39,63
40,33
42,91
5,120
11,108
17,91
28,36
46,109
7,83
16,41
19,119
20,68
22,127
28,61
30,108
33,73
14,66
20,62
22,72
26,65
28,41
30,94
33,64
36,40
44,96
45,98
46,63
15,24
23,62
26,42
29,44
41,38
44,119
13,60
22,59
24,20
24,49
39,18
9,8
28,17
37,53
37,105
38,119
4,55
5,4
6,82
12,108
29,91
1,36
4,103
22,100
24,47
24,57
25,4
29,104
34,116
35,75
41,47
6,11
31,97
34,59
39,65
46,35
9,55
12,47
28,74
29,13
36,78
44,66
13,105
43,60
2,12
4,114
7,40
8,108
9,67
12,113
16,70
17,75
20,79
35,6
35,121
44,109
15,75
36,125
4,45
32,19
41,78
44,7
46,46
3,107
19,52
20,29
23,91
25,60
27,39
30,65
31,61
41,123
47,96
47,99
19,99
30,93
36,108
39,73
45,91
6,16
6,33
8,78
11,4
15,111
23,119
27,38
38,19
38,91
44,76
45,113
47,76
3,63
8,115
12,55
25,97
35,2
43,15
46,113
4,71
6,84
26,29
37,88
44,24
47,49
9,53
12,40
31,122
31,126
39,58
40,32
44,26
2,56
10,38
14,65
18,6
36,91
7,46
10,77
23,76
25,84
33,67
35,19
47,72
10,56
11,2
12,11
13,54
24,55
33,19
18,92
29,89
38,77
4,122
5,44
5,91
10,42
16,1
18,123
21,39
33,46
35,10
37,60
37,85
42,19
5,14
9,73
18,18
19,83
25,7
40,74
6,65
9,28
9,56
18,93
20,26
20,78
30,84
31,70
32,92
45,33
9,115
20,10
22,44
24,40
39,57
45,28
11,120
12,110
39,39
40,27
41,60
4,54
13,87
18,118
20,83
31,46
33,28
36,57
40,70
45,120
46,112
6,93
26,94
27,117
36,28
42,100
43,3
0,94
4,53
14,42
41,118
2,97
3,45
28,53
38,93
40,92
44,30
11,6
11,117
16,92
3,100
12,45
19,127
24,122
26,91
28,72
32,10
43,63
6,92
10,87
13,111
14,89
21,67
33,11
35,108
35,119
36,110
40,14
40,34
43,62
4,66
9,46
14,63
22,84
23,35
26,59
26,119
28,1
34,100
41,109
47,45
3,114
7,127
18,120
21,53
22,116
34,121
38,30
45,126
6,117
8,68
22,7
25,53
26,125
32,48
34,1
40,71
47,104
1,56
4,107
7,76
9,123
13,99
24,121
35,76
39,117
14,56
14,119
16,72
22,38
24,110
32,108
34,66
37,13
45,67
21,11
23,110
30,111
34,38
44,19
7,99
11,15
14,46
18,53
19,46
38,72
45,34
47,61
2,78
3,30
6,77
11,35
19,70
20,19
25,38
27,24
29,7
31,99
38,52
40,62
43,117
47,94
0,115
8,54
9,124
11,23
12,122
21,28
26,89
30,41
6,112
10,67
13,22
14,91
15,57
15,79
18,20
27,57
33,39
37,84
43,123
45,116
21,21
29,37
31,127
34,44
40,41
7,123
24,88
36,113
37,38
41,75
2,109
28,70
31,119
42,110
1,102
2,81
4,89
15,45
23,15
25,50
27,64
34,84
35,110
42,46
42,104
43,98
44,101
11,17
16,62
19,97
23,10
27,111
37,87
5,69
26,9
34,118
37,50
38,27
43,118
44,82
44,103
47,119
0,9
5,124
12,37
18,16
20,125
32,125
35,91
40,72
42,97
43,92
47,93
6,6
8,113
10,89
11,119
24,54
35,120
44,2
1,5
8,124
9,16
26,113
31,114
34,81
38,97
46,92
2,113
13,53
21,124
24,125
33,44
41,104
45,64
45,21
15,39
16,63
18,43
30,36
30,77
43,39
43,48
8,9
8,23
13,86
21,46
26,97
34,8
45,124
2,55
15,68
36,49
46,48
9,108
12,54
22,8
23,120
30,18
33,124
40,1
43,24
22,66
27,68
35,35
45,90
46,93
0,39
12,66
14,114
17,7
22,81
32,115
10,66
18,76
22,87
24,11
36,66
40,46
45,72
46,89
23,108
26,114
28,107
38,21
41,111
5,113
6,120
13,88
13,117
15,15
27,63
32,85
36,122
46,90
8,11
8,118
14,97
20,113
20,76
21,14
30,121
47,28
15,65
17,107
27,109
36,11
44,12
44,50
46,99
7,97
10,19
16,61
17,94
23,121
38,126
46,79
2,63
4,24
11,72
12,88
18,117
22,42
22,121
29,59
34,87
1,82
4,14
6,43
11,75
12,109
17,27
21,44
24,33
28,92
33,8
35,17
2,106
5,60
6,15
21,115
30,16
32,113
44,52
5,20
9,34
12,16
13,38
20,23
24,37
32,23
34,12
36,1
42,94
4,100
6,121
7,54
13,108
14,52
28,112
2,13
3,69
16,53
21,8
24,84
30,120
31,16
33,123
45,41
9,107
11,91
18,77
28,63
29,3
32,29
36,45
36,84
6,60
7,126
9,88
17,13
20,115
22,54
23,117
25,126
42,79
47,83
1,51
2,21
4,61
10,9
14,59
17,127
4,43
5,101
24,70
28,25
29,27
31,52
33,115
34,77
39,109
1,79
8,48
22,48
23,75
24,66
29,107
38,114
43,79
2,17
4,49
7,84
8,52
12,1
15,88
23,6
29,95
34,67
36,37
37,34
38,113
4,65
5,46
8,0
10,115
11,40
15,99
25,87
32,26
33,21
37,22
39,64
6,1
6,36
9,47
10,12
14,21
14,98
34,42
35,15
46,18
46,37
8,76
13,37
16,107
18,124
28,49
29,10
41,89
42,95
7,119
16,87
20,48
22,67
30,11
40,53
44,34
45,109
47,118
4,72
4,68
10,44
13,126
18,60
27,88
44,63
2,37
16,25
17,12
21,107
24,16
43,55
47,12
0,60
5,6
21,123
27,12
31,40
32,54
34,115
47,22
10,118
22,93
26,78
27,65
29,12
40,69
12,3
15,109
15,118
18,121
18,11
26,52
32,76
32,59
40,113
44,120
4,112
10,93
11,27
39,12
44,108
47,67
2,80
4,95
7,111
12,70
21,56
27,15
36,54
39,21
41,127
10,48
19,40
22,102
29,38
42,63
44,95
45,43
47,30
11,104
15,12
21,34
23,17
26,21
26,46
36,83
40,98
44,117
46,110
0,1
2,18
15,22
25,72
28,10
34,102
39,111
44,100
45,121
12,77
14,126
16,112
25,108
27,79
33,88
34,114
36,3
36,70
43,7
43,21
6,124
9,14
17,10
36,109
37,97
45,110
2,114
8,107
18,36
22,77
38,89
41,33
3,68
7,52
8,92
12,59
22,34
22,115
24,45
25,86
30,53
35,117
43,1
10,34
14,73
20,11
24,77
27,99
37,86
38,59
39,118
41,76
2,33
2,42
5,89
9,109
15,44
17,40
24,109
25,30
29,51
35,77
44,112
46,21
47,10
47,103
2,101
4,110
13,63
18,49
21,63
22,60
29,96
31,111
32,11
34,54
37,37
42,42
12,83
17,3
38,94
42,72
43,93
46,15
47,106
5,118
9,63
13,30
20,92
23,11
23,40
23,77
25,37
30,1
33,108
39,24
40,87
47,7
0,19
8,75
30,49
32,0
33,34
36,106
46,100
20,118
21,108
26,126
31,15
32,40
32,118
35,27
38,78
38,83
43,28
4,8
11,77
13,116
15,119
17,33
19,84
24,59
28,96
34,89
35,11
36,16
11,38
41,96
46,70
2,83
3,14
6,29
16,22
18,1
25,34
27,118
29,127
33,14
33,63
34,34
34,93
35,40
44,114
46,57
5,3
20,54
20,59
21,88
29,94
30,29
37,30
39,88
45,100
45,3
11,66
12,19
14,78
17,51
24,3
33,107
34,48
36,77
37,108
38,70
39,50
40,118
43,108
47,65
11,121
12,106
18,29
19,111
20,52
27,119
37,126
37,114
39,105
5,32
14,43
25,51
26,116
30,76
33,4
33,101
36,19
44,65
45,40
3,52
7,74
7,114
22,12
22,89
25,111
31,74
38,103
42,89
2,61
8,40
13,74
18,15
19,74
29,33
30,60
31,76
31,84
36,59
40,49
46,20
46,28
5,29
6,49
7,15
20,0
23,27
26,72
28,87
28,88
30,124
33,109
36,93
38,43
41,51
43,32
43,119
46,64
16,96
19,102
22,118
23,104
24,1
27,44
29,40
32,52
35,104
41,37
42,87
42,10
2,32
12,93
16,116
17,24
17,114
24,93
24,106
30,43
43,106
46,53
47,24
2,11
6,95
23,127
25,74
25,88
31,102
35,127
38,116
40,116
41,13
41,94
47,70
11,44
14,83
14,116
15,105
16,10
16,71
17,38
20,40
28,56
39,79
45,102
45,31
47,91
0,90
6,106
7,121
9,4
10,114
11,118
13,51
16,88
19,114
19,76
21,109
24,83
28,71
31,121
38,9
39,22
43,124
45,69
2,102
11,11
17,28
17,125
23,66
23,118
26,54
28,116
37,72
41,119
43,17
47,51
2,108
2,43
7,65
10,46
15,67
16,56
16,49
21,20
25,116
29,125
35,66
46,49
46,13
47,19
9,20
16,3
17,4
22,114
29,28
32,107
35,38
40,25
44,4
47,43
6,73
8,71
17,95
18,95
19,121
24,19
26,83
29,24
29,101
32,75
32,71
34,24
39,15
40,10
44,126
1,0
7,42
9,18
12,48
13,114
17,96
17,37
19,15
20,75
21,4
21,101
23,83
23,38
29,4
34,46
34,60
40,22
41,56
42,15
44,43
44,78
46,88
46,120
47,69
2,20
2,110
8,112
9,120
10,11
14,103
16,95
16,66
20,107
30,117
30,95
33,20
35,118
39,44
41,95
41,74
41,3
42,121
42,57
44,61
47,68
4,17
7,37
9,119
10,24
10,60
13,69
14,35
14,72
16,86
17,74
17,76
20,71
22,46
25,114
26,35
28,22
28,104
29,114
31,65
37,51
38,42
39,124
39,99
40,3
41,28
41,12
41,40
42,53
42,127
43,101
43,22
45,55
45,73
46,66
46,125
47,41
0,20
3,83
6,2
7,80
13,72
13,17
15,124
17,119
19,65
25,17
26,103
27,22
29,74
30,15
30,2
37,111
39,108
42,120
42,118
42,83
43,113
45,106
45,39
46,62
46,42
47,113
11,123
12,13
16,118
17,56
18,106
26,43
27,105
28,86
28,66
29,56
31,42
35,44
36,48
37,74
38,35
39,119
40,95
41,114
42,82
42,96
42,67
43,14
43,33
43,95
43,35
44,10
44,115
45,61
45,79
46,58
46,41
47,100
47,84
